20027|-97.3686,39.5670 -96.9589,39.5664 -96.9614,39.2201 -96.9614,39.1323 -96.9632,39.1323 -97.3712,39.1320 -97.3698,39.3060 -97.3686,39.5670
20029|-97.3686,39.5670 -97.3698,39.3060 -97.9261,39.3065 -97.9291,39.3064 -97.9285,39.5669 -97.9318,39.5669 -97.9315,39.6538 -97.3687,39.6540 -97.3687,39.5838 -97.3684,39.5771 -97.3686,39.5759 -97.3686,39.5670
20039|-100.7388,40.0022 -100.7333,40.0023 -100.7299,40.0021 -100.7211,40.0021 -100.6834,40.0022 -100.6602,40.0022 -100.6454,40.0019 -100.6009,40.0019 -100.5948,40.0020 -100.5672,40.0019 -100.5519,40.0019 -100.5111,40.0018 -100.4872,40.0018 -100.4770,40.0018 -100.4759,40.0018 -100.4688,40.0017 -100.4471,40.0018 -100.4391,40.0018 -100.3901,40.0018 -100.2317,40.0016 -100.2295,40.0017 -100.2154,40.0016 -100.1970,40.0015 -100.1936,40.0016 -100.1936,40.0016 -100.1903,40.0016 -100.1882,40.0015 -100.1778,40.0016 -100.1778,40.0016 -100.1783,39.9988 -100.1804,39.5669 -100.7202,39.5680 -100.7409,39.5680 -100.7388,40.0022
20049|-96.5257,37.4764 -96.5253,37.6070 -95.9610,37.6038 -95.9616,37.3866 -95.9647,37.3867 -95.9644,37.2992 -96.5249,37.3027 -96.5257,37.4764
20065|-99.6052,39.1325 -100.1479,39.1322 -100.1624,39.1319 -100.1642,39.1321 -100.1617,39.5673 -99.6280,39.5674 -99.6023,39.5673 -99.6052,39.1325
20075|-101.5675,38.2631 -101.5613,38.2632 -101.5604,38.2631 -101.5423,38.2632 -101.5428,37.8276 -101.5271,37.7363 -102.0420,37.7385 -102.0422,37.7602 -102.0427,37.7888 -102.0430,37.8035 -102.0430,37.8241 -102.0432,37.8679 -102.0438,37.9261 -102.0438,37.9281 -102.0444,38.2500 -102.0445,38.2624 -101.5675,38.2631
20085|-95.7889,39.6530 -95.5641,39.6529 -95.5704,39.4190 -95.5893,39.4191 -95.5895,39.2161 -96.0356,39.2165 -96.0360,39.5661 -95.7891,39.5659 -95.7889,39.6530
20095|-97.8076,37.4742 -97.8076,37.4739 -97.8071,37.3863 -98.3498,37.3841 -98.4650,37.3841 -98.4647,37.4710 -98.4648,37.7327 -97.8078,37.7339 -97.8076,37.4742
20105|-97.9286,38.9584 -97.9287,38.8862 -97.9290,38.8822 -97.9286,38.8711 -98.4849,38.8708 -98.4837,39.1327 -98.4900,39.1327 -98.4900,39.2130 -98.4899,39.2135 -98.4899,39.2146 -98.4901,39.2154 -98.4902,39.2180 -98.4901,39.2198 -97.9297,39.2193 -97.9286,38.9584
20115|-96.8197,38.5225 -96.8408,38.0856 -97.1529,38.0877 -97.1531,38.1746 -97.3718,38.1737 -97.3719,38.6094 -97.3641,38.6091 -96.9303,38.6094 -96.9300,38.5224 -96.8197,38.5225
20127|-96.5016,38.8697 -96.5014,38.8262 -96.3904,38.8259 -96.3526,38.7390 -96.3538,38.5217 -96.8178,38.5224 -96.8197,38.5225 -96.9300,38.5224 -96.9303,38.6094 -96.9272,38.8122 -96.8902,38.8701 -96.5016,38.8697
20135|-99.5842,38.2622 -100.2271,38.2622 -100.2444,38.2623 -100.2472,38.6982 -100.1538,38.6973 -99.5983,38.6965 -99.5851,38.6965 -99.5848,38.3494 -99.5842,38.2622
20145|-98.9126,38.2611 -98.9131,38.0005 -99.0221,38.0002 -99.3503,38.0007 -99.3504,38.0876 -99.5695,38.0874 -99.5705,38.2620 -99.5842,38.2622 -99.5848,38.3494 -99.0324,38.3483 -99.0323,38.2612 -98.9126,38.2611
20155|-98.4723,37.8245 -98.4728,38.1728 -97.9221,38.1737 -97.7018,38.1738 -97.7020,37.9113 -97.6987,37.7351 -97.8078,37.7339 -98.4648,37.7327 -98.4649,37.8245 -98.4723,37.8245
20163|-99.5918,39.1324 -99.5937,39.1324 -99.6052,39.1325 -99.6023,39.5673 -99.0662,39.5681 -99.0444,39.5680 -99.0477,39.1330 -99.5918,39.1324
20173|-97.8076,37.4742 -97.8078,37.7339 -97.6987,37.7351 -97.7020,37.9113 -97.1525,37.9127 -97.1533,37.4755 -97.8076,37.4742
20185|-98.4723,37.8245 -99.0133,37.8253 -99.0226,37.8254 -99.0221,38.0002 -98.9131,38.0005 -98.9126,38.2611 -98.4798,38.2608 -98.4728,38.1728 -98.4723,37.8245
20195|-99.5983,38.6965 -100.1538,38.6973 -100.1479,39.1322 -99.6052,39.1325 -99.5937,39.1324 -99.5918,39.1324 -99.5983,38.6965
20203|-101.5671,38.6997 -101.4844,38.7002 -101.1284,38.7006 -101.1254,38.2645 -101.5423,38.2632 -101.5604,38.2631 -101.5613,38.2632 -101.5675,38.2631 -101.5671,38.6997
20205|-95.9616,37.3866 -95.9610,37.6038 -95.9609,37.7343 -95.5255,37.7328 -95.5256,37.3840 -95.9616,37.3866
20005|-95.0696,39.6151 -95.1075,39.5738 -95.1131,39.5591 -95.1136,39.5539 -95.1093,39.5423 -95.1029,39.5333 -94.9691,39.4189 -95.1809,39.4192 -95.5704,39.4190 -95.5641,39.6529 -95.3397,39.6530 -95.1152,39.6525 -95.0696,39.6151
20015|-96.5228,38.0864 -96.5238,37.9559 -96.5253,37.6070 -96.5257,37.4764 -97.1533,37.4755 -97.1525,37.9127 -97.1529,38.0877 -96.8408,38.0856 -96.5228,38.0864
20059|-95.5083,38.4339 -95.5007,38.7388 -95.0564,38.7386 -95.0658,38.3899 -95.5083,38.3903 -95.5083,38.4339
20091|-94.6080,38.8472 -94.6080,38.8111 -94.6090,38.7606 -94.6094,38.7424 -94.6095,38.7407 -94.6095,38.7381 -95.0564,38.7386 -95.0562,38.8114 -95.0563,38.9821 -94.9088,38.9914 -94.8724,39.0591 -94.6074,39.0441 -94.6081,38.9420 -94.6081,38.9400 -94.6079,38.9374 -94.6080,38.9369 -94.6080,38.8838 -94.6080,38.8692 -94.6080,38.8681 -94.6080,38.8673 -94.6080,38.8612 -94.6080,38.8550 -94.6080,38.8472
20097|-99.5432,37.3811 -99.5558,37.3811 -99.5561,37.4677 -99.5596,37.7349 -99.5577,37.7349 -99.0135,37.7330 -99.0126,37.4704 -99.0122,37.4362 -99.0118,37.4310 -99.0115,37.3843 -99.5432,37.3811
20099|-95.4076,36.9992 -95.4077,36.9992 -95.5116,36.9992 -95.5224,36.9993 -95.5180,37.2664 -95.5211,37.3840 -95.0882,37.3838 -95.0750,37.3838 -95.0752,37.3399 -95.0735,36.9995 -95.0735,36.9995 -95.1552,36.9995 -95.1554,36.9995 -95.1773,36.9995 -95.1953,36.9996 -95.3226,36.9994 -95.3281,36.9994 -95.3283,36.9994 -95.3312,36.9994 -95.4076,36.9992
20103|-94.9691,39.4189 -94.9467,39.3997 -94.9100,39.3675 -94.9083,39.3556 -94.9106,39.3483 -94.9076,39.3206 -94.9010,39.3017 -94.8324,39.2272 -94.7939,39.2013 -94.9002,39.2029 -94.9088,38.9914 -95.0563,38.9821 -95.1641,38.9816 -95.1871,39.0441 -95.1809,39.4192 -94.9691,39.4189
20109|-100.8119,39.1334 -100.8187,38.6999 -101.1284,38.7006 -101.4844,38.7002 -101.4782,39.1348 -101.3917,39.1351 -100.8119,39.1334
20113|-97.9221,38.1737 -97.9243,38.5228 -97.9248,38.6099 -97.3719,38.6094 -97.3718,38.1737 -97.7018,38.1738 -97.9221,38.1737
20119|-100.0895,37.0021 -100.1157,37.0022 -100.1875,37.0021 -100.1924,37.0020 -100.1938,37.0021 -100.2017,37.0021 -100.5516,37.0006 -100.5527,37.0007 -100.5913,37.0004 -100.5914,37.0004 -100.6298,37.0000 -100.6333,36.9999 -100.6338,37.3876 -100.6527,37.3876 -100.6526,37.4748 -100.2162,37.4752 -100.1611,37.4750 -100.1582,37.4749 -100.1558,37.4750 -100.1072,37.4748 -100.0915,37.3869 -100.0895,37.0021
20125|-95.5224,36.9993 -95.5344,36.9993 -95.5736,36.9993 -95.6121,36.9993 -95.6159,36.9994 -95.6244,36.9994 -95.6301,36.9993 -95.6643,36.9993 -95.6865,36.9993 -95.6967,36.9992 -95.7104,36.9994 -95.7149,36.9993 -95.7181,36.9993 -95.7419,36.9992 -95.7599,36.9993 -95.7687,36.9992 -95.7868,36.9993 -95.8080,36.9991 -95.8669,36.9993 -95.8739,36.9993 -95.8753,36.9993 -95.8772,36.9993 -95.9102,36.9993 -95.9281,36.9992 -95.9370,36.9993 -95.9643,36.9991 -95.9644,37.2992 -95.9647,37.3867 -95.9616,37.3866 -95.5256,37.3840 -95.5211,37.3840 -95.5180,37.2664 -95.5224,36.9993
20131|-96.2392,40.0007 -96.2392,40.0007 -96.2238,40.0007 -96.2202,40.0007 -96.1544,40.0005 -96.1542,40.0005 -96.1472,40.0005 -96.1259,40.0004 -96.1258,40.0005 -96.0898,40.0005 -96.0814,40.0006 -96.0517,40.0007 -96.0241,40.0007 -96.0107,40.0006 -96.0107,40.0006 -95.9581,40.0005 -95.8825,40.0005 -95.7881,40.0005 -95.7883,39.8835 -95.7889,39.6530 -95.7891,39.5659 -96.0360,39.5661 -96.0375,39.5662 -96.2390,39.5662 -96.2396,39.8271 -96.2392,40.0007
20141|-99.0375,39.1331 -99.0477,39.1330 -99.0444,39.5680 -98.5053,39.5676 -98.5036,39.5675 -98.4874,39.5675 -98.4901,39.2198 -98.4902,39.2180 -98.4901,39.2154 -98.4899,39.2146 -98.4899,39.2135 -98.4900,39.2130 -98.4900,39.1327 -99.0375,39.1331
20143|-97.9291,39.3064 -97.9261,39.3065 -97.3698,39.3060 -97.3712,39.1320 -97.3716,38.9579 -97.9286,38.9584 -97.9297,39.2193 -97.9316,39.2771 -97.9291,39.3064
20157|-97.8215,40.0020 -97.8194,40.0020 -97.7772,40.0022 -97.7708,40.0020 -97.7692,40.0020 -97.7677,40.0020 -97.5153,40.0019 -97.5114,40.0019 -97.5103,40.0018 -97.4633,40.0020 -97.4447,40.0020 -97.4254,40.0020 -97.4178,40.0020 -97.4158,40.0020 -97.3692,40.0021 -97.3687,39.6540 -97.9315,39.6538 -97.9318,40.0020 -97.9318,40.0020 -97.8763,40.0021 -97.8575,40.0021 -97.8384,40.0019 -97.8216,40.0020 -97.8215,40.0020
20165|-99.5851,38.6965 -99.0426,38.6968 -99.0330,38.6968 -99.0324,38.3483 -99.5848,38.3494 -99.5851,38.6965
20167|-99.0330,38.6968 -99.0426,38.6968 -99.0375,39.1331 -98.4900,39.1327 -98.4837,39.1327 -98.4849,38.8708 -98.4861,38.6969 -99.0330,38.6968
20171|-101.1254,38.2645 -101.1284,38.7006 -100.8187,38.6999 -100.6880,38.7000 -100.6846,38.2711 -100.6878,38.2642 -101.1033,38.2646 -101.1254,38.2645
20177|-95.5003,39.0567 -95.5007,38.8698 -95.9466,38.8700 -95.9468,39.0987 -96.0391,39.1265 -96.0356,39.2165 -95.5895,39.2161 -95.5968,39.0647 -95.5003,39.0567
20181|-101.3891,39.5684 -101.3917,39.1351 -101.4782,39.1348 -102.0472,39.1331 -102.0473,39.1370 -102.0484,39.3031 -102.0490,39.3737 -102.0492,39.4036 -102.0494,39.4182 -102.0494,39.4233 -102.0497,39.5062 -102.0497,39.5367 -102.0496,39.5389 -102.0498,39.5682 -101.4139,39.5684 -101.3891,39.5684
20003|-95.5190,38.0382 -95.5083,38.3903 -95.0658,38.3899 -95.0779,38.0377 -95.5190,38.0382
20009|-98.4861,38.6969 -98.4800,38.6969 -98.4804,38.5218 -98.4798,38.2608 -98.9126,38.2611 -99.0323,38.2612 -99.0324,38.3483 -99.0330,38.6968 -98.4861,38.6969
20017|-96.3538,38.5217 -96.3573,38.1727 -96.3581,38.0858 -96.5228,38.0864 -96.8408,38.0856 -96.8197,38.5225 -96.8178,38.5224 -96.3538,38.5217
20019|-95.9643,36.9991 -96.0008,36.9989 -96.1412,36.9990 -96.1432,36.9991 -96.1471,36.9990 -96.1497,36.9990 -96.1524,36.9991 -96.1540,36.9992 -96.1848,36.9992 -96.2000,36.9990 -96.2176,36.9991 -96.2764,36.9993 -96.2791,36.9993 -96.3943,36.9992 -96.4154,36.9991 -96.5255,36.9991 -96.5249,37.3027 -95.9644,37.2992 -95.9643,36.9991
20183|-98.7264,40.0022 -98.7263,40.0022 -98.7104,40.0022 -98.6931,40.0024 -98.6914,40.0025 -98.6903,40.0025 -98.6728,40.0024 -98.6697,40.0024 -98.6538,40.0023 -98.6525,40.0022 -98.6407,40.0025 -98.6138,40.0024 -98.5933,40.0025 -98.5752,40.0025 -98.5606,40.0023 -98.5432,40.0023 -98.5231,40.0023 -98.5045,40.0023 -98.5052,39.5698 -98.5053,39.5676 -99.0444,39.5680 -99.0662,39.5681 -99.0670,40.0022 -99.0203,40.0023 -99.0187,40.0023 -98.9921,40.0022 -98.9723,40.0022 -98.9717,40.0023 -98.9610,40.0023 -98.9609,40.0023 -98.9348,40.0022 -98.8345,40.0024 -98.8206,40.0023 -98.7772,40.0024 -98.7749,40.0023 -98.7264,40.0022
20187|-102.0420,37.7385 -101.5271,37.7363 -101.5258,37.3884 -101.5437,37.3884 -101.5439,37.3885 -101.5566,37.3885 -102.0418,37.3892 -102.0417,37.4099 -102.0417,37.4347 -102.0418,37.4349 -102.0418,37.4695 -102.0418,37.5061 -102.0420,37.5353 -102.0419,37.5412 -102.0419,37.5580 -102.0416,37.6079 -102.0416,37.6443 -102.0416,37.6545 -102.0417,37.6657 -102.0416,37.6804 -102.0419,37.7239 -102.0420,37.7385
20189|-101.5566,37.3885 -101.5439,37.3885 -101.5437,37.3884 -101.5258,37.3884 -101.0897,37.3877 -101.0679,37.3878 -101.0665,36.9985 -101.0667,36.9979 -101.2115,36.9971 -101.2129,36.9970 -101.3578,36.9963 -101.3597,36.9962 -101.3782,36.9962 -101.4139,36.9960 -101.4150,36.9960 -101.4853,36.9956 -101.5191,36.9955 -101.5552,36.9954 -101.5553,36.9954 -101.5566,37.3885
20197|-96.3526,38.7390 -96.3904,38.8259 -96.5014,38.8262 -96.5016,38.8697 -96.5012,39.0437 -96.3908,39.0433 -96.3889,39.1727 -96.3314,39.1589 -96.2337,39.2123 -96.0836,39.1935 -96.0391,39.1265 -95.9468,39.0987 -95.9466,38.8700 -95.9459,38.7391 -96.3526,38.7390
20207|-95.9609,37.7343 -95.9586,37.9092 -95.9590,38.0402 -95.5190,38.0382 -95.5255,37.7328 -95.9609,37.7343
20035|-96.5255,36.9991 -96.7054,36.9992 -96.7105,36.9993 -96.7366,36.9993 -96.7413,36.9992 -96.7498,36.9990 -96.7921,36.9992 -96.7952,36.9989 -96.8228,36.9992 -96.8675,36.9992 -96.8763,36.9992 -96.9021,36.9992 -96.9035,36.9991 -96.9171,36.9992 -96.9219,36.9992 -96.9346,36.9991 -96.9674,36.9991 -96.9756,36.9990 -97.0301,36.9989 -97.0398,36.9990 -97.1007,36.9990 -97.1043,36.9990 -97.1203,36.9990 -97.1226,36.9990 -97.1477,36.9991 -97.1533,37.4755 -96.5257,37.4764 -96.5249,37.3027 -96.5255,36.9991
20041|-96.9632,39.1323 -96.9635,38.9649 -96.9262,38.9789 -96.8902,38.8701 -96.9272,38.8122 -96.9303,38.6094 -97.3641,38.6091 -97.3719,38.6094 -97.3716,38.9579 -97.3712,39.1320 -96.9632,39.1323
20047|-99.0221,38.0002 -99.0226,37.8254 -99.0133,37.8253 -99.0135,37.7330 -99.5577,37.7349 -99.5596,37.7349 -99.5699,37.9130 -99.5695,38.0874 -99.3504,38.0876 -99.3503,38.0007 -99.0221,38.0002
20051|-99.5983,38.6965 -99.5918,39.1324 -99.0477,39.1330 -99.0375,39.1331 -99.0426,38.6968 -99.5851,38.6965 -99.5983,38.6965
20053|-98.4804,38.5218 -98.4800,38.6969 -98.4861,38.6969 -98.4849,38.8708 -97.9286,38.8711 -97.9248,38.6099 -97.9243,38.5228 -98.4804,38.5218
20057|-100.2162,37.4752 -100.2146,37.8268 -100.2271,37.9140 -99.5699,37.9130 -99.5596,37.7349 -99.5561,37.4677 -99.7745,37.4674 -100.1072,37.4748 -100.1558,37.4750 -100.1582,37.4749 -100.1611,37.4750 -100.2162,37.4752
20063|-100.1642,39.1321 -100.1624,39.1319 -100.1479,39.1322 -100.1538,38.6973 -100.2472,38.6982 -100.6880,38.7000 -100.8187,38.6999 -100.8119,39.1334 -100.7753,39.1334 -100.7752,39.1333 -100.7213,39.1334 -100.1642,39.1321
20073|-96.5238,37.9559 -96.5228,38.0864 -96.3581,38.0858 -96.3573,38.1727 -95.9589,38.1709 -95.9590,38.0402 -95.9586,37.9092 -95.9609,37.7343 -95.9610,37.6038 -96.5253,37.6070 -96.5238,37.9559
20077|-97.8023,36.9987 -98.0340,36.9984 -98.0399,36.9983 -98.0453,36.9983 -98.1120,36.9981 -98.1475,36.9982 -98.1776,36.9980 -98.2082,36.9980 -98.2195,36.9978 -98.2377,36.9980 -98.3462,36.9980 -98.3471,36.9980 -98.3498,37.3841 -97.8071,37.3863 -97.8046,37.3863 -97.8023,36.9987
20079|-97.7020,37.9113 -97.7018,38.1738 -97.3718,38.1737 -97.1531,38.1746 -97.1529,38.0877 -97.1525,37.9127 -97.7020,37.9113
20087|-95.2854,39.0322 -95.5003,39.0567 -95.5968,39.0647 -95.5895,39.2161 -95.5893,39.4191 -95.5704,39.4190 -95.1809,39.4192 -95.1871,39.0441 -95.2854,39.0322
20013|-95.7889,39.6530 -95.7883,39.8835 -95.7881,40.0005 -95.7880,40.0005 -95.7846,40.0005 -95.3753,40.0000 -95.3399,40.0000 -95.3397,39.6530 -95.5641,39.6529 -95.7889,39.6530
20023|-101.4110,40.0024 -101.4112,40.0000 -101.4139,39.5684 -102.0498,39.5682 -102.0498,39.5741 -102.0500,39.5923 -102.0506,39.6756 -102.0513,39.8190 -102.0513,39.8333 -102.0514,39.8435 -102.0516,39.8498 -102.0517,40.0031 -101.9167,40.0031 -101.9042,40.0032 -101.8410,40.0028 -101.8322,40.0029 -101.8077,40.0028 -101.8049,40.0028 -101.6271,40.0026 -101.6258,40.0027 -101.5423,40.0026 -101.4172,40.0024 -101.4110,40.0024
20025|-99.5581,36.9995 -99.6254,36.9997 -99.6577,37.0002 -99.7743,37.0008 -99.7748,37.0008 -99.7860,37.0009 -99.9952,37.0016 -100.0013,37.0017 -100.0026,37.0017 -100.0057,37.0017 -100.0895,37.0021 -100.0915,37.3869 -100.1072,37.4748 -99.7745,37.4674 -99.5561,37.4677 -99.5558,37.3811 -99.5432,37.3811 -99.5411,36.9996 -99.5581,36.9995
20031|-95.5083,38.4339 -95.5083,38.3903 -95.5190,38.0382 -95.9590,38.0402 -95.9589,38.1709 -95.9503,38.4341 -95.5083,38.4339
20033|-99.0003,36.9995 -99.0293,36.9996 -99.1249,36.9994 -99.1294,36.9994 -99.2481,36.9996 -99.2775,36.9996 -99.4562,36.9995 -99.4843,36.9996 -99.5004,36.9996 -99.5004,36.9996 -99.5027,36.9996 -99.5041,36.9996 -99.5086,36.9997 -99.5411,36.9996 -99.5432,37.3811 -99.0115,37.3843 -99.0013,37.3843 -99.0003,36.9995
20045|-95.0562,38.8114 -95.0564,38.7386 -95.5007,38.7388 -95.5010,38.7397 -95.5007,38.8698 -95.5003,39.0567 -95.2854,39.0322 -95.1871,39.0441 -95.1641,38.9816 -95.0563,38.9821 -95.0562,38.8114
20055|-100.2271,38.2622 -100.2266,38.0010 -100.6642,38.0025 -100.6523,37.7363 -101.0897,37.7363 -101.1038,37.8290 -101.1033,38.2646 -100.6878,38.2642 -100.2444,38.2623 -100.2271,38.2622
20069|-100.2266,38.0010 -100.2271,37.9140 -100.2146,37.8268 -100.2162,37.4752 -100.6526,37.4748 -100.6523,37.7363 -100.6642,38.0025 -100.2266,38.0010
20081|-100.6523,37.7363 -100.6526,37.4748 -100.6527,37.3876 -101.0679,37.3878 -101.0897,37.3877 -101.0897,37.7363 -100.6523,37.7363
20093|-101.5423,38.2632 -101.1254,38.2645 -101.1033,38.2646 -101.1038,37.8290 -101.0897,37.7363 -101.5271,37.7363 -101.5428,37.8276 -101.5423,38.2632
20101|-100.2444,38.2623 -100.6878,38.2642 -100.6846,38.2711 -100.6880,38.7000 -100.2472,38.6982 -100.2444,38.2623
20111|-96.3573,38.1727 -96.3538,38.5217 -96.3526,38.7390 -95.9459,38.7391 -95.9503,38.4341 -95.9589,38.1709 -96.3573,38.1727
20123|-97.9291,39.3064 -97.9316,39.2771 -97.9297,39.2193 -98.4901,39.2198 -98.4874,39.5675 -97.9318,39.5669 -97.9285,39.5669 -97.9291,39.3064
20133|-95.0880,37.6745 -95.0882,37.3838 -95.5211,37.3840 -95.5256,37.3840 -95.5255,37.7328 -95.0881,37.7325 -95.0880,37.6745
20139|-95.5083,38.4339 -95.9503,38.4341 -95.9459,38.7391 -95.9466,38.8700 -95.5007,38.8698 -95.5010,38.7397 -95.5007,38.7388 -95.5083,38.4339
20151|-98.4723,37.8245 -98.4649,37.8245 -98.4648,37.7327 -98.4647,37.4710 -99.0126,37.4704 -99.0135,37.7330 -99.0133,37.8253 -98.4723,37.8245
20159|-98.4804,38.5218 -97.9243,38.5228 -97.9221,38.1737 -98.4728,38.1728 -98.4798,38.2608 -98.4804,38.5218
20169|-97.9286,38.8711 -97.9290,38.8822 -97.9287,38.8862 -97.9286,38.9584 -97.3716,38.9579 -97.3719,38.6094 -97.9248,38.6099 -97.9286,38.8711
20179|-100.7202,39.5680 -100.1804,39.5669 -100.1617,39.5673 -100.1642,39.1321 -100.7213,39.1334 -100.7202,39.5680
20191|-97.1477,36.9991 -97.3724,36.9989 -97.3849,36.9988 -97.4623,36.9987 -97.4623,36.9987 -97.4729,36.9987 -97.5273,36.9988 -97.5459,36.9987 -97.5465,36.9987 -97.5645,36.9987 -97.6065,36.9987 -97.6371,36.9991 -97.6505,36.9990 -97.6971,36.9988 -97.7687,36.9988 -97.7834,36.9990 -97.7835,36.9988 -97.8023,36.9987 -97.8023,36.9987 -97.8046,37.3863 -97.8071,37.3863 -97.8076,37.4739 -97.8076,37.4742 -97.1533,37.4755 -97.1477,36.9991
20209|-94.6074,39.1134 -94.6072,39.0896 -94.6073,39.0817 -94.6072,39.0657 -94.6074,39.0441 -94.8724,39.0591 -94.9088,38.9914 -94.9002,39.2029 -94.7939,39.2013 -94.7523,39.1732 -94.7365,39.1692 -94.7236,39.1690 -94.7141,39.1704 -94.7067,39.1738 -94.6017,39.1596 -94.5960,39.1577 -94.5919,39.1550 -94.5899,39.1404 -94.6074,39.1134
20121|-94.6095,38.7381 -94.6116,38.6354 -94.6119,38.6205 -94.6119,38.6093 -94.6119,38.5801 -94.6119,38.5801 -94.6122,38.5765 -94.6122,38.5498 -94.6123,38.5479 -94.6126,38.4916 -94.6127,38.4844 -94.6127,38.4832 -94.6129,38.4776 -94.6129,38.4776 -94.6134,38.4034 -94.6133,38.3924 -94.6133,38.3887 -95.0658,38.3899 -95.0564,38.7386 -94.6095,38.7381
20129|-101.5553,36.9954 -101.6004,36.9952 -101.6016,36.9951 -101.9024,36.9937 -102.0004,36.9932 -102.0004,36.9933 -102.0282,36.9931 -102.0282,36.9931 -102.0422,36.9931 -102.0420,37.0247 -102.0419,37.0308 -102.0419,37.0322 -102.0417,37.0344 -102.0419,37.0351 -102.0420,37.1066 -102.0418,37.1120 -102.0421,37.1250 -102.0421,37.1250 -102.0420,37.1417 -102.0420,37.2582 -102.0417,37.2976 -102.0418,37.3095 -102.0420,37.3526 -102.0421,37.3528 -102.0418,37.3892 -101.5566,37.3885 -101.5553,36.9954
20137|-100.1778,40.0016 -99.9909,40.0015 -99.9866,40.0016 -99.9482,40.0018 -99.9444,40.0016 -99.9304,40.0015 -99.9067,40.0015 -99.8134,40.0014 -99.7756,40.0016 -99.7721,40.0018 -99.7642,40.0016 -99.7568,40.0013 -99.7466,40.0018 -99.7320,40.0018 -99.7196,40.0018 -99.6283,40.0019 -99.6283,40.0019 -99.6260,40.0019 -99.6253,40.0019 -99.6280,39.5674 -100.1617,39.5673 -100.1804,39.5669 -100.1783,39.9988 -100.1778,40.0016
20147|-99.6253,40.0019 -99.5018,40.0020 -99.4990,40.0020 -99.4977,40.0019 -99.4935,40.0019 -99.4807,40.0019 -99.4126,40.0019 -99.4034,40.0020 -99.2907,40.0019 -99.2867,40.0020 -99.2830,40.0019 -99.2540,40.0021 -99.2504,40.0020 -99.2164,40.0020 -99.1976,40.0020 -99.1889,40.0020 -99.1870,40.0020 -99.1791,40.0020 -99.1790,40.0020 -99.1698,40.0019 -99.1230,40.0022 -99.1135,40.0022 -99.0856,40.0021 -99.0670,40.0022 -99.0662,39.5681 -99.6023,39.5673 -99.6280,39.5674 -99.6253,40.0019
20153|-100.7588,40.0023 -100.7522,40.0021 -100.7388,40.0022 -100.7409,39.5680 -101.3891,39.5684 -101.4139,39.5684 -101.4112,40.0000 -101.4110,40.0024 -101.4100,40.0024 -101.3743,40.0025 -101.3429,40.0026 -101.3255,40.0027 -101.3240,40.0027 -101.2940,40.0026 -101.2866,40.0026 -101.2487,40.0025 -101.2150,40.0026 -101.1922,40.0025 -101.1788,40.0025 -101.1687,40.0025 -101.1309,40.0024 -101.0603,40.0023 -101.0277,40.0023 -100.9374,40.0021 -100.7588,40.0023
20161|-96.7558,39.0880 -96.8511,39.0884 -96.8510,39.1013 -96.8499,39.2190 -96.9614,39.2201 -96.9589,39.5664 -96.8065,39.5664 -96.5818,39.5663 -96.7269,39.4040 -96.6386,39.2928 -96.5183,39.2039 -96.5540,39.1785 -96.3889,39.1727 -96.3908,39.0433 -96.5012,39.0437 -96.5012,39.0728 -96.7558,39.0880
20175|-100.6333,36.9999 -100.6756,36.9997 -100.7569,36.9994 -100.7655,36.9992 -100.8061,36.9991 -100.8143,36.9991 -100.8556,36.9986 -100.8917,36.9986 -100.9043,36.9987 -100.9046,36.9986 -100.9455,36.9982 -100.9456,36.9982 -100.9965,36.9980 -101.0126,36.9982 -101.0536,36.9980 -101.0667,36.9979 -101.0665,36.9985 -101.0679,37.3878 -100.6527,37.3876 -100.6338,37.3876 -100.6333,36.9999 -100.6333,36.9999
20001|-95.0881,37.7325 -95.5255,37.7328 -95.5190,38.0382 -95.0779,38.0377 -95.0881,37.7325
20007|-98.3471,36.9980 -98.3541,36.9980 -98.4090,36.9985 -98.4183,36.9985 -98.4202,36.9985 -98.5447,36.9990 -98.5449,36.9990 -98.7145,36.9991 -98.7185,36.9992 -98.7616,36.9994 -98.7919,36.9993 -98.7937,36.9992 -98.7975,36.9992 -98.8694,36.9993 -98.8800,36.9993 -98.8806,36.9993 -98.9944,36.9995 -99.0003,36.9995 -99.0013,37.3843 -99.0115,37.3843 -99.0118,37.4310 -99.0122,37.4362 -99.0126,37.4704 -98.4647,37.4710 -98.4650,37.3841 -98.3498,37.3841 -98.3471,36.9980
20011|-94.6140,38.0371 -94.6140,38.0369 -94.6142,37.9925 -94.6145,37.9878 -94.6146,37.9710 -94.6146,37.9515 -94.6146,37.9500 -94.6146,37.9444 -94.6148,37.9408 -94.6148,37.9367 -94.6148,37.9342 -94.6152,37.9159 -94.6154,37.9064 -94.6155,37.9018 -94.6157,37.8868 -94.6159,37.8783 -94.6158,37.8725 -94.6160,37.8631 -94.6164,37.8453 -94.6165,37.8376 -94.6169,37.8195 -94.6178,37.7297 -94.6180,37.7222 -94.6178,37.6902 -94.6177,37.6877 -94.6177,37.6867 -94.6179,37.6822 -94.6177,37.6731 -94.6177,37.6731 -95.0880,37.6745 -95.0881,37.7325 -95.0779,38.0377 -94.6140,38.0371
20021|-94.6181,36.9981 -94.6997,36.9988 -94.7018,36.9988 -94.7128,36.9988 -94.7372,36.9987 -94.7393,36.9987 -94.7773,36.9988 -94.8313,36.9988 -94.8409,36.9988 -94.8498,36.9989 -94.8532,36.9989 -94.9953,36.9995 -95.0076,36.9995 -95.0114,36.9995 -95.0303,36.9995 -95.0379,36.9995 -95.0495,36.9996 -95.0735,36.9995 -95.0752,37.3399 -94.6192,37.3384 -94.6176,37.3384 -94.6177,37.3368 -94.6176,37.3236 -94.6181,37.2404 -94.6182,37.2376 -94.6181,37.2293 -94.6181,37.2281 -94.6182,37.2078 -94.6183,37.2073 -94.6183,37.1888 -94.6185,37.1812 -94.6185,37.1748 -94.6184,37.1602 -94.6181,37.1323 -94.6181,37.1298 -94.6182,37.1132 -94.6182,37.1040 -94.6181,37.0967 -94.6181,37.0937 -94.6181,37.0935 -94.6181,37.0864 -94.6181,37.0859 -94.6180,37.0751 -94.6179,37.0568 -94.6179,37.0568 -94.6180,37.0405 -94.6180,37.0090 -94.6181,36.9981
20107|-94.6133,38.3887 -94.6133,38.3696 -94.6133,38.3644 -94.6130,38.3358 -94.6128,38.3244 -94.6128,38.3201 -94.6127,38.3148 -94.6127,38.3025 -94.6128,38.2914 -94.6128,38.2899 -94.6127,38.2704 -94.6126,38.2378 -94.6126,38.2270 -94.6127,38.2193 -94.6127,38.2176 -94.6128,38.2039 -94.6128,38.2007 -94.6131,38.1906 -94.6134,38.1679 -94.6137,38.1606 -94.6139,38.1498 -94.6141,38.0673 -94.6141,38.0659 -94.6141,38.0601 -94.6141,38.0601 -94.6140,38.0371 -95.0779,38.0377 -95.0658,38.3899 -94.6133,38.3887
20117|-96.4637,40.0010 -96.4636,40.0010 -96.3046,40.0006 -96.3011,40.0006 -96.2392,40.0007 -96.2396,39.8271 -96.2390,39.5662 -96.5818,39.5663 -96.8065,39.5664 -96.8058,40.0014 -96.6224,40.0012 -96.6103,40.0009 -96.6049,40.0009 -96.5809,40.0010 -96.5709,40.0011 -96.5579,40.0010 -96.5390,40.0009 -96.5271,40.0010 -96.4699,40.0010 -96.4675,40.0010 -96.4637,40.0010
20149|-96.2390,39.5662 -96.0375,39.5662 -96.0360,39.5661 -96.0356,39.2165 -96.0391,39.1265 -96.0836,39.1935 -96.2337,39.2123 -96.3314,39.1589 -96.3889,39.1727 -96.5540,39.1785 -96.5183,39.2039 -96.6386,39.2928 -96.7269,39.4040 -96.5818,39.5663 -96.2390,39.5662
20193|-100.7202,39.5680 -100.7213,39.1334 -100.7752,39.1333 -100.7753,39.1334 -100.8119,39.1334 -101.3917,39.1351 -101.3891,39.5684 -100.7409,39.5680 -100.7202,39.5680
20199|-101.5671,38.6997 -102.0452,38.6976 -102.0454,38.7543 -102.0453,38.7555 -102.0454,38.7701 -102.0454,38.7835 -102.0453,38.7995 -102.0454,38.8134 -102.0466,39.0470 -102.0471,39.1297 -102.0472,39.1331 -101.4782,39.1348 -101.4844,38.7002 -101.5671,38.6997
20201|-97.3692,40.0021 -97.3692,40.0021 -97.3691,40.0021 -97.3509,40.0019 -97.3503,40.0020 -97.2452,40.0015 -97.2451,40.0015 -97.2023,40.0014 -97.2002,40.0015 -97.1818,40.0016 -97.1424,40.0015 -97.1379,40.0018 -97.0497,40.0013 -97.0308,40.0013 -97.0092,40.0015 -96.9164,40.0015 -96.9161,40.0015 -96.8805,40.0014 -96.8783,40.0015 -96.8751,40.0014 -96.8738,40.0014 -96.8058,40.0014 -96.8065,39.5664 -96.9589,39.5664 -97.3686,39.5670 -97.3686,39.5759 -97.3684,39.5771 -97.3687,39.5838 -97.3687,39.6540 -97.3692,40.0021
20037|-94.6176,37.6536 -94.6175,37.6372 -94.6173,37.6105 -94.6174,37.6095 -94.6173,37.5719 -94.6173,37.5715 -94.6171,37.5670 -94.6172,37.5573 -94.6172,37.5535 -94.6169,37.5278 -94.6168,37.5215 -94.6170,37.4838 -94.6172,37.4697 -94.6172,37.4652 -94.6172,37.4605 -94.6172,37.4604 -94.6172,37.4548 -94.6171,37.4398 -94.6173,37.4255 -94.6175,37.4109 -94.6176,37.3964 -94.6176,37.3676 -94.6176,37.3674 -94.6175,37.3644 -94.6175,37.3642 -94.6176,37.3384 -94.6176,37.3384 -94.6192,37.3384 -95.0752,37.3399 -95.0750,37.3838 -95.0882,37.3838 -95.0880,37.6745 -94.6177,37.6731 -94.6176,37.6537 -94.6176,37.6536
20043|-95.3399,40.0000 -95.3083,40.0000 -95.3078,39.9906 -95.3015,39.9836 -95.1812,39.9000 -95.1327,39.8759 -95.1077,39.8686 -95.0850,39.8619 -95.0421,39.8648 -95.0350,39.8668 -95.0279,39.8715 -95.0252,39.8777 -95.0252,39.8897 -95.0163,39.8988 -95.0084,39.9006 -94.9933,39.9007 -94.9542,39.9011 -94.9360,39.8944 -94.9279,39.8861 -94.9083,39.8122 -94.8953,39.7632 -94.9169,39.7282 -94.9379,39.7255 -95.0111,39.6776 -95.0153,39.6743 -95.0696,39.6151 -95.1152,39.6525 -95.3397,39.6530 -95.3399,40.0000
20061|-96.7558,39.0880 -96.5012,39.0728 -96.5012,39.0437 -96.5016,38.8697 -96.8902,38.8701 -96.9262,38.9789 -96.9635,38.9649 -96.9632,39.1323 -96.9614,39.1323 -96.9614,39.2201 -96.8499,39.2190 -96.8510,39.1013 -96.8511,39.0884 -96.7558,39.0880
20067|-101.5258,37.3884 -101.5271,37.7363 -101.0897,37.7363 -101.0897,37.3877 -101.5258,37.3884
20071|-101.5671,38.6997 -101.5675,38.2631 -102.0445,38.2624 -102.0446,38.2687 -102.0446,38.2688 -102.0446,38.3123 -102.0449,38.3844 -102.0453,38.5054 -102.0453,38.5055 -102.0451,38.5238 -102.0452,38.5438 -102.0452,38.5587 -102.0452,38.5816 -102.0453,38.6152 -102.0453,38.6152 -102.0451,38.6696 -102.0451,38.6749 -102.0452,38.6752 -102.0451,38.6867 -102.0452,38.6886 -102.0452,38.6976 -101.5671,38.6997
20083|-100.2271,38.2622 -99.5842,38.2622 -99.5705,38.2620 -99.5695,38.0874 -99.5699,37.9130 -100.2271,37.9140 -100.2266,38.0010 -100.2271,38.2622
20089|-98.5045,40.0023 -98.4905,40.0023 -98.2740,40.0025 -98.2740,40.0025 -98.2682,40.0025 -98.2500,40.0023 -98.1935,40.0026 -98.1793,40.0025 -98.1723,40.0024 -98.1420,40.0025 -98.0997,40.0022 -98.0760,40.0023 -98.0687,40.0024 -98.0501,40.0023 -98.0475,40.0022 -98.0144,40.0022 -98.0102,40.0022 -97.9722,40.0021 -97.9318,40.0020 -97.9315,39.6538 -97.9318,39.5669 -98.4874,39.5675 -98.5036,39.5675 -98.5053,39.5676 -98.5052,39.5698 -98.5045,40.0023
