31121|-97.7038,41.3949 -97.5985,41.3951 -97.5983,41.3331 -97.8282,41.1737 -97.8925,41.1115 -98.0194,41.0664 -98.2826,40.8723 -98.2824,41.0464 -98.2872,41.0464 -98.2866,41.3939 -98.2754,41.2643 -98.1015,41.2640 -98.0531,41.2931 -97.7055,41.3091 -97.7038,41.3949
31125|-97.7038,41.3949 -97.7055,41.3091 -98.0531,41.2931 -98.1015,41.2640 -98.2754,41.2643 -98.2866,41.3939 -98.2914,41.3939 -98.2913,41.4807 -98.0995,41.4808 -98.0413,41.5105 -97.8298,41.5262 -97.7036,41.5268 -97.7038,41.3949
31135|-102.0518,41.0039 -101.2500,41.0040 -101.2480,40.6978 -101.3454,40.6981 -102.0514,40.6975 -102.0513,40.7496 -102.0513,40.7496 -102.0516,41.0024 -102.0517,41.0024 -102.0518,41.0039
31137|-99.4173,40.6708 -99.1792,40.6605 -99.1794,40.3507 -99.6305,40.3511 -99.6306,40.3512 -99.6422,40.3512 -99.6433,40.6826 -99.6435,40.6849 -99.4173,40.6708
31147|-96.0102,40.2615 -95.5525,40.2619 -95.5219,40.2495 -95.3122,40.0094 -95.3083,40.0000 -95.3399,40.0000 -95.3753,40.0000 -95.7846,40.0005 -95.7880,40.0005 -95.7881,40.0005 -95.8825,40.0005 -95.9581,40.0005 -96.0107,40.0006 -96.0107,40.0006 -96.0102,40.2615
31159|-96.9109,41.0461 -96.9111,40.6980 -96.9135,40.6979 -97.3684,40.6986 -97.3681,41.0469 -96.9109,41.0461
31163|-98.7485,41.0466 -99.2076,41.0470 -99.2033,41.3941 -98.7516,41.3941 -98.7443,41.3942 -98.7485,41.0466
31171|-100.8461,42.0882 -100.2676,42.0861 -100.2681,42.0722 -100.2655,41.7399 -100.7117,41.7398 -100.8425,41.7404 -100.8461,42.0882
31183|-98.2958,41.7412 -98.7522,41.7404 -98.7591,41.7404 -98.7612,42.0885 -98.3006,42.0889 -98.2954,42.0889 -98.2956,41.9150 -98.2958,41.7412
31003|-98.3006,42.0889 -98.3002,42.4369 -97.8344,42.4377 -97.8347,42.0911 -97.8345,42.0898 -97.8343,42.0890 -97.8333,41.9163 -98.2956,41.9150 -98.2954,42.0889 -98.3006,42.0889
31009|-99.6870,42.0861 -99.6868,41.7403 -100.2512,41.7398 -100.2655,41.7399 -100.2681,42.0722 -100.2676,42.0861 -100.1676,42.0858 -99.6870,42.0861
31023|-96.9059,41.4564 -96.9059,41.4551 -96.9059,41.4546 -96.9059,41.4534 -96.9085,41.0461 -96.9109,41.0461 -97.3681,41.0469 -97.3682,41.3964 -97.2535,41.3842 -97.1756,41.3771 -96.9059,41.4564
31035|-98.2736,40.3504 -98.2781,40.3503 -98.2781,40.6983 -97.8257,40.6986 -97.8248,40.6985 -97.8241,40.3505 -98.2736,40.3504
31037|-96.9059,41.4564 -97.1756,41.3771 -97.2535,41.3842 -97.2524,41.7431 -97.0199,41.7430 -96.9059,41.7428 -96.9059,41.4564
31047|-100.2233,40.7003 -100.2242,41.0466 -99.4260,41.0465 -99.4173,40.6708 -99.6435,40.6849 -99.9817,40.7000 -100.2233,40.7003
31053|-96.9059,41.4564 -96.9059,41.7428 -96.5552,41.7420 -96.4442,41.7418 -96.4448,41.6836 -96.4439,41.5239 -96.3290,41.3931 -96.4707,41.3932 -96.5704,41.4334 -96.9059,41.4534 -96.9059,41.4546 -96.9059,41.4551 -96.9059,41.4564
31063|-100.1978,40.3500 -100.7584,40.3495 -100.7774,40.3494 -100.7774,40.3495 -100.7792,40.6920 -100.7778,40.7001 -100.2233,40.7003 -99.9817,40.7000 -99.9812,40.4383 -100.0951,40.4387 -100.0948,40.3512 -100.1978,40.3500
31073|-99.6422,40.3512 -100.0948,40.3512 -100.0951,40.4387 -99.9812,40.4383 -99.9817,40.7000 -99.6435,40.6849 -99.6433,40.6826 -99.6422,40.3512
31085|-100.7774,40.3495 -101.3234,40.3506 -101.3428,40.3504 -101.3454,40.6981 -101.2480,40.6978 -100.7778,40.7001 -100.7792,40.6920 -100.7774,40.3495
31093|-98.2914,41.3939 -98.2866,41.3939 -98.2872,41.0464 -98.7220,41.0467 -98.7408,41.0467 -98.7410,41.0467 -98.7485,41.0466 -98.7443,41.3942 -98.2914,41.3939
31097|-96.0670,40.5231 -96.0667,40.2620 -96.4637,40.2622 -96.4636,40.5230 -96.4558,40.5228 -96.0670,40.5231
31117|-101.2697,41.3949 -101.4073,41.3954 -101.4065,41.7432 -100.8425,41.7404 -100.7117,41.7398 -100.7131,41.3946 -100.7132,41.3935 -101.2697,41.3949
31149|-99.2570,42.8043 -99.2458,42.7825 -99.2346,42.0880 -99.6624,42.0860 -99.6777,42.7309 -99.5375,42.7176 -99.2570,42.8043
31151|-96.9135,40.6979 -96.9126,40.5236 -96.9133,40.3512 -96.9151,40.3497 -97.3687,40.3504 -97.3684,40.6986 -96.9135,40.6979
31155|-96.9059,41.4534 -96.5704,41.4334 -96.4707,41.3932 -96.3506,41.2652 -96.3274,41.1900 -96.3192,41.0450 -96.4639,41.0161 -96.4639,41.0451 -96.9085,41.0461 -96.9059,41.4534
31161|-102.7921,43.0000 -102.4873,42.9996 -102.4405,42.9996 -102.0825,42.9994 -102.0667,42.4435 -102.0382,42.4433 -102.0403,42.0967 -102.0062,42.0963 -102.0086,42.0089 -102.0666,42.0092 -102.6776,42.0053 -102.6978,42.0048 -102.7423,42.0924 -102.7494,42.4399 -102.7734,42.4399 -102.7734,42.7853 -102.7921,43.0000
31169|-97.4158,40.0020 -97.4178,40.0020 -97.4254,40.0020 -97.4447,40.0020 -97.4633,40.0020 -97.5103,40.0018 -97.5114,40.0019 -97.5153,40.0019 -97.7677,40.0020 -97.7692,40.0020 -97.7708,40.0020 -97.7772,40.0022 -97.8194,40.0020 -97.8215,40.0020 -97.8208,40.3505 -97.3707,40.3503 -97.3687,40.3504 -97.3692,40.0021 -97.3692,40.0021 -97.4158,40.0020
31173|-96.8225,42.2643 -96.7262,42.2641 -96.7267,42.2780 -96.3488,42.2820 -96.3289,42.2547 -96.3229,42.2336 -96.3237,42.2299 -96.3363,42.2189 -96.3566,42.2152 -96.3567,42.2151 -96.3599,42.2105 -96.3497,42.1720 -96.3441,42.1621 -96.3074,42.1307 -96.2791,42.0740 -96.2729,42.0472 -96.3096,42.0152 -96.5549,42.0159 -96.5555,42.0900 -96.8237,42.0904 -96.8225,42.2643
31181|-98.5231,40.0023 -98.5432,40.0023 -98.5606,40.0023 -98.5752,40.0025 -98.5933,40.0025 -98.6138,40.0024 -98.6407,40.0025 -98.6525,40.0022 -98.6538,40.0023 -98.6697,40.0024 -98.6728,40.0024 -98.6903,40.0025 -98.6914,40.0025 -98.6931,40.0024 -98.7104,40.0022 -98.7263,40.0022 -98.7264,40.0022 -98.7268,40.3504 -98.7239,40.3504 -98.2781,40.3503 -98.2736,40.3504 -98.2738,40.0054 -98.2740,40.0025 -98.4905,40.0023 -98.5045,40.0023 -98.5231,40.0023
31007|-104.0525,41.5643 -104.0529,41.5923 -104.0527,41.6137 -104.0530,41.6229 -104.0529,41.6382 -104.0529,41.6452 -104.0528,41.6980 -103.3704,41.6992 -103.3690,41.4377 -103.3704,41.3945 -103.3776,41.3946 -104.0523,41.3932 -104.0523,41.3933 -104.0522,41.4077 -104.0523,41.4179 -104.0525,41.5158 -104.0525,41.5223 -104.0527,41.5391 -104.0527,41.5412 -104.0526,41.5526 -104.0525,41.5527 -104.0525,41.5643
31011|-97.8333,41.9163 -97.8324,41.7428 -97.8305,41.7422 -97.8298,41.5262 -98.0413,41.5105 -98.0995,41.4808 -98.2913,41.4807 -98.2909,41.7412 -98.2958,41.7412 -98.2956,41.9150 -97.8333,41.9163
31013|-103.4445,42.4374 -102.7787,42.4397 -102.7734,42.4399 -102.7494,42.4399 -102.7423,42.0924 -102.6978,42.0048 -103.3633,42.0029 -103.3904,42.0034 -103.4016,42.0035 -103.4441,42.0907 -103.4445,42.4374
31019|-98.7220,41.0467 -98.7214,40.6989 -98.7244,40.6989 -98.7244,40.6898 -98.9061,40.6527 -99.1792,40.6605 -99.4173,40.6708 -99.4260,41.0465 -99.2076,41.0470 -98.7485,41.0466 -98.7410,41.0467 -98.7408,41.0467 -98.7220,41.0467
31025|-95.9279,41.0588 -95.8892,41.0584 -95.8663,41.0517 -95.8672,41.0437 -95.8673,41.0016 -95.8354,40.9842 -95.8291,40.9757 -95.8231,40.9009 -95.8212,40.8767 -95.8542,40.7840 -96.4638,40.7840 -96.4639,41.0161 -96.3192,41.0450 -96.2076,40.9956 -96.0563,41.0654 -95.9279,41.0588
31029|-102.0517,40.3492 -102.0516,40.3931 -102.0518,40.3964 -102.0515,40.4400 -102.0515,40.5201 -102.0517,40.5378 -102.0514,40.6975 -101.3454,40.6981 -101.3428,40.3504 -102.0517,40.3492
31033|-103.3825,41.0019 -103.3776,41.3946 -103.3704,41.3945 -103.3690,41.4377 -102.6367,41.4391 -102.6094,41.3951 -102.6104,41.2216 -102.6210,41.0026 -102.6535,41.0023 -102.7396,41.0022 -102.7546,41.0024 -102.7667,41.0023 -102.7735,41.0024 -102.8273,41.0021 -102.8303,41.0024 -102.8465,41.0023 -102.8493,41.0023 -102.8658,41.0020 -102.8678,41.0022 -102.8857,41.0021 -102.8874,41.0022 -102.9048,41.0022 -102.9065,41.0023 -102.9240,41.0021 -102.9256,41.0023 -102.9431,41.0021 -102.9448,41.0023 -102.9596,41.0021 -102.9607,41.0021 -102.9625,41.0021 -102.9637,41.0022 -102.9815,41.0021 -102.9827,41.0022 -103.0001,41.0024 -103.0020,41.0025 -103.0387,41.0023 -103.0434,41.0023 -103.0580,41.0024 -103.0595,41.0024 -103.0765,41.0023 -103.0778,41.0023 -103.3630,41.0018 -103.3653,41.0018 -103.3825,41.0019
31039|-96.5552,41.7420 -96.9059,41.7428 -97.0199,41.7430 -97.0194,42.0906 -96.8237,42.0904 -96.5555,42.0900 -96.5549,42.0159 -96.5552,41.7420
31045|-103.0009,43.0005 -102.7921,43.0000 -102.7734,42.7853 -102.7734,42.4399 -102.7787,42.4397 -103.4445,42.4374 -103.4801,42.4373 -103.4804,42.7850 -103.5032,42.7848 -103.5051,43.0008 -103.4046,43.0007 -103.3408,43.0009 -103.1330,43.0008 -103.1317,43.0008 -103.0009,43.0005
31051|-97.0157,42.7587 -96.9610,42.7381 -96.9205,42.7314 -96.9068,42.7338 -96.8131,42.7064 -96.8066,42.7034 -96.7240,42.6660 -96.7129,42.6481 -96.7072,42.6313 -96.7106,42.6196 -96.7113,42.6104 -96.7080,42.6016 -96.6360,42.5243 -96.7222,42.5247 -96.7267,42.2780 -96.7262,42.2641 -96.8225,42.2643 -97.0177,42.2645 -97.0178,42.3513 -97.0151,42.6988 -97.0157,42.7587
31057|-102.0517,40.3492 -101.3428,40.3504 -101.3234,40.3506 -101.3240,40.0027 -101.3255,40.0027 -101.3429,40.0026 -101.3743,40.0025 -101.4100,40.0024 -101.4110,40.0024 -101.4172,40.0024 -101.5423,40.0026 -101.6258,40.0027 -101.6271,40.0026 -101.8049,40.0028 -101.8077,40.0028 -101.8322,40.0029 -101.8410,40.0028 -101.9042,40.0032 -101.9167,40.0031 -102.0517,40.0031 -102.0520,40.1484 -102.0519,40.1627 -102.0519,40.2292 -102.0519,40.2353 -102.0517,40.3492
31071|-99.2218,41.7408 -99.2227,42.0879 -98.7612,42.0885 -98.7591,41.7404 -99.2120,41.7406 -99.2128,41.7406 -99.2218,41.7408
31075|-101.9855,41.7423 -102.0679,41.7421 -102.0666,42.0092 -102.0086,42.0089 -102.0062,42.0963 -101.4266,42.0922 -101.4259,41.7431 -101.9855,41.7423
31079|-98.2829,40.6983 -98.7214,40.6989 -98.7220,41.0467 -98.2872,41.0464 -98.2824,41.0464 -98.2826,40.8723 -98.2829,40.6983
31081|-97.8263,41.0466 -97.8257,40.6986 -98.2781,40.6983 -98.2829,40.6983 -98.2826,40.8723 -98.0194,41.0664 -97.8925,41.1115 -97.8282,41.1737 -97.8280,41.0473 -97.8263,41.0466
31083|-99.6305,40.3511 -99.1794,40.3507 -99.1791,40.0020 -99.1870,40.0020 -99.1889,40.0020 -99.1976,40.0020 -99.2164,40.0020 -99.2504,40.0020 -99.2540,40.0021 -99.2830,40.0019 -99.2867,40.0020 -99.2907,40.0019 -99.4034,40.0020 -99.4126,40.0019 -99.4807,40.0019 -99.4935,40.0019 -99.4977,40.0019 -99.4990,40.0020 -99.5018,40.0020 -99.6253,40.0019 -99.6260,40.0019 -99.6283,40.0019 -99.6305,40.3511
31087|-100.7584,40.3495 -100.7588,40.0023 -100.9374,40.0021 -101.0277,40.0023 -101.0603,40.0023 -101.1309,40.0024 -101.1687,40.0025 -101.1788,40.0025 -101.1922,40.0025 -101.2150,40.0026 -101.2487,40.0025 -101.2866,40.0026 -101.2940,40.0026 -101.3240,40.0027 -101.3255,40.0027 -101.3240,40.0027 -101.3234,40.3506 -100.7774,40.3495 -100.7774,40.3494 -100.7584,40.3495
31099|-98.7239,40.3504 -98.7268,40.3504 -99.1794,40.3507 -99.1792,40.6605 -98.9061,40.6527 -98.7244,40.6898 -98.7239,40.3504
31101|-101.9846,41.3947 -101.4073,41.3954 -101.2697,41.3949 -101.2704,41.0474 -101.2500,41.0040 -102.0518,41.0039 -102.0555,41.2215 -102.0553,41.3952 -101.9846,41.3947
31105|-104.0523,41.3211 -104.0523,41.3932 -103.3776,41.3946 -103.3825,41.0019 -103.4219,41.0020 -103.4220,41.0020 -103.4867,41.0019 -103.4974,41.0016 -103.5745,41.0017 -103.8584,41.0017 -103.8780,41.0017 -103.8962,41.0018 -103.9535,41.0016 -103.9714,41.0015 -103.9726,41.0016 -104.0182,41.0016 -104.0234,41.0019 -104.0392,41.0015 -104.0532,41.0014 -104.0532,41.0168 -104.0531,41.0180 -104.0532,41.0897 -104.0530,41.0903 -104.0531,41.1050 -104.0531,41.1145 -104.0527,41.2753 -104.0526,41.2780 -104.0525,41.2782 -104.0526,41.3162 -104.0525,41.3210 -104.0523,41.3211
31109|-96.9109,41.0461 -96.9085,41.0461 -96.4639,41.0451 -96.4639,41.0161 -96.4638,40.7840 -96.4636,40.5230 -96.9126,40.5236 -96.9135,40.6979 -96.9111,40.6980 -96.9109,41.0461
31115|-99.2227,42.0879 -99.2218,41.7408 -99.6868,41.7403 -99.6870,42.0861 -99.6624,42.0860 -99.2346,42.0880 -99.2243,42.0880 -99.2227,42.0879
31119|-97.3681,41.7432 -97.8305,41.7422 -97.8324,41.7428 -97.8333,41.9163 -97.8343,42.0890 -97.8345,42.0898 -97.3684,42.0909 -97.3681,41.7432
31129|-97.9318,40.0020 -97.9722,40.0021 -98.0102,40.0022 -98.0144,40.0022 -98.0475,40.0022 -98.0501,40.0023 -98.0687,40.0024 -98.0760,40.0023 -98.0997,40.0022 -98.1420,40.0025 -98.1723,40.0024 -98.1793,40.0025 -98.1935,40.0026 -98.2500,40.0023 -98.2682,40.0025 -98.2740,40.0025 -98.2740,40.0025 -98.2738,40.0054 -98.2736,40.3504 -97.8241,40.3505 -97.8215,40.3506 -97.8208,40.3505 -97.8215,40.0020 -97.8216,40.0020 -97.8384,40.0019 -97.8575,40.0021 -97.8763,40.0021 -97.9318,40.0020 -97.9318,40.0020
31133|-96.3011,40.0006 -96.3046,40.0006 -96.4636,40.0010 -96.4637,40.0010 -96.4637,40.2622 -96.0667,40.2620 -96.0126,40.2614 -96.0102,40.2615 -96.0107,40.0006 -96.0241,40.0007 -96.0517,40.0007 -96.0814,40.0006 -96.0898,40.0005 -96.1258,40.0005 -96.1259,40.0004 -96.1472,40.0005 -96.1542,40.0005 -96.1544,40.0005 -96.2202,40.0007 -96.2238,40.0007 -96.2392,40.0007 -96.2392,40.0007 -96.3011,40.0006
31141|-97.2535,41.3842 -97.3682,41.3964 -97.5983,41.3331 -97.5985,41.3951 -97.7038,41.3949 -97.7036,41.5268 -97.8298,41.5262 -97.8305,41.7422 -97.3681,41.7432 -97.2524,41.7431 -97.2535,41.3842
31123|-103.3690,41.4377 -103.3704,41.6992 -103.3633,42.0029 -102.6978,42.0048 -102.6776,42.0053 -102.6649,41.7435 -102.6365,41.7431 -102.6367,41.4391 -103.3690,41.4377
31127|-96.0667,40.2620 -96.0670,40.5231 -95.7100,40.5238 -95.6973,40.5370 -95.6967,40.5451 -95.6593,40.5198 -95.6814,40.4908 -95.6927,40.4830 -95.6873,40.4651 -95.6227,40.3423 -95.5533,40.2912 -95.5510,40.2859 -95.5523,40.2644 -95.5525,40.2619 -96.0102,40.2615 -96.0126,40.2614 -96.0667,40.2620
31143|-97.3682,41.3964 -97.3681,41.0469 -97.8263,41.0466 -97.8280,41.0473 -97.8282,41.1737 -97.5983,41.3331 -97.3682,41.3964
31153|-95.9279,41.0588 -96.0563,41.0654 -96.2076,40.9956 -96.3192,41.0450 -96.3274,41.1900 -96.1583,41.1908 -95.9232,41.1910 -95.9232,41.1910 -95.9146,41.1851 -95.8528,41.1654 -95.8534,41.1603 -95.8663,41.0517 -95.8892,41.0584 -95.9279,41.0588
31167|-97.0199,41.7430 -97.2524,41.7431 -97.3681,41.7432 -97.3684,42.0909 -97.0194,42.0906 -97.0199,41.7430
31179|-97.2519,42.3516 -97.0178,42.3513 -97.0177,42.2645 -96.8225,42.2643 -96.8237,42.0904 -97.0194,42.0906 -97.3684,42.0909 -97.3677,42.3519 -97.2519,42.3516
31185|-97.8248,40.6985 -97.8257,40.6986 -97.8263,41.0466 -97.3681,41.0469 -97.3684,40.6986 -97.8248,40.6985
31001|-98.2781,40.6983 -98.2781,40.3503 -98.7239,40.3504 -98.7244,40.6898 -98.7244,40.6989 -98.7214,40.6989 -98.2829,40.6983 -98.2781,40.6983
31005|-101.9855,41.7423 -101.4259,41.7431 -101.4065,41.7432 -101.4073,41.3954 -101.9846,41.3947 -101.9855,41.7423
31017|-100.1985,42.8461 -100.1340,42.8078 -99.6777,42.7309 -99.6624,42.0860 -99.6870,42.0861 -100.1676,42.0858 -100.1832,42.4334 -100.1833,42.7810 -100.1985,42.8461
31027|-97.1631,42.7934 -97.1375,42.7823 -97.0522,42.7702 -97.0261,42.7626 -97.0157,42.7587 -97.0151,42.6988 -97.0178,42.3513 -97.2519,42.3516 -97.3677,42.3519 -97.3676,42.4388 -97.4853,42.4386 -97.4854,42.8548 -97.4232,42.8612 -97.3285,42.8595 -97.2571,42.8539 -97.2183,42.8296 -97.1901,42.8051 -97.1631,42.7934
31041|-99.2218,41.7408 -99.2128,41.7406 -99.2120,41.7406 -99.2033,41.3941 -99.2076,41.0470 -99.4260,41.0465 -100.2242,41.0466 -100.2382,41.0465 -100.2361,41.3933 -100.2511,41.3933 -100.2512,41.7398 -99.6868,41.7403 -99.2218,41.7408
31059|-97.3687,40.3504 -97.3707,40.3503 -97.8208,40.3505 -97.8215,40.3506 -97.8241,40.3505 -97.8248,40.6985 -97.3684,40.6986 -97.3687,40.3504
31069|-102.0666,42.0092 -102.0679,41.7421 -101.9855,41.7423 -101.9846,41.3947 -102.0553,41.3952 -102.0555,41.2215 -102.6104,41.2216 -102.6094,41.3951 -102.6367,41.4391 -102.6365,41.7431 -102.6649,41.7435 -102.6776,42.0053 -102.0666,42.0092
31077|-98.2913,41.4807 -98.2914,41.3939 -98.7443,41.3942 -98.7516,41.3941 -98.7522,41.7404 -98.2958,41.7412 -98.2909,41.7412 -98.2913,41.4807
31089|-98.3051,42.7612 -98.3055,42.4369 -98.3002,42.4369 -98.3006,42.0889 -98.7612,42.0885 -99.2227,42.0879 -99.2243,42.0880 -99.2346,42.0880 -99.2458,42.7825 -99.2570,42.8043 -98.9546,42.8941 -98.8928,42.8458 -98.5838,42.7797 -98.3051,42.7612
31107|-98.1574,42.8319 -98.0566,42.7708 -98.0350,42.7642 -98.0172,42.7624 -98.0003,42.7633 -97.9501,42.7696 -97.9367,42.7758 -97.9090,42.7949 -97.8886,42.8173 -97.8799,42.8354 -97.8753,42.8587 -97.8657,42.8629 -97.8453,42.8677 -97.8285,42.8688 -97.8144,42.8611 -97.7745,42.8498 -97.6865,42.8424 -97.6351,42.8450 -97.5319,42.8501 -97.4854,42.8548 -97.4853,42.4386 -97.8344,42.4377 -98.3002,42.4369 -98.3055,42.4369 -98.3051,42.7612 -98.3097,42.8812 -98.2045,42.8468 -98.1658,42.8370 -98.1574,42.8319
31139|-97.8345,42.0898 -97.8347,42.0911 -97.8344,42.4377 -97.4853,42.4386 -97.3676,42.4388 -97.3677,42.3519 -97.3684,42.0909 -97.8345,42.0898
31145|-100.7333,40.0023 -100.7388,40.0022 -100.7522,40.0021 -100.7588,40.0023 -100.7584,40.3495 -100.1978,40.3500 -100.1936,40.0016 -100.1970,40.0015 -100.2154,40.0016 -100.2295,40.0017 -100.2317,40.0016 -100.3901,40.0018 -100.4391,40.0018 -100.4471,40.0018 -100.4688,40.0017 -100.4759,40.0018 -100.4770,40.0018 -100.4872,40.0018 -100.5111,40.0018 -100.5519,40.0019 -100.5672,40.0019 -100.5948,40.0020 -100.6009,40.0019 -100.6454,40.0019 -100.6602,40.0022 -100.6834,40.0022 -100.7211,40.0021 -100.7299,40.0021 -100.7333,40.0023
31157|-104.0528,41.6980 -104.0528,41.7334 -104.0530,41.8855 -104.0529,41.9061 -104.0530,41.9150 -104.0527,41.9730 -104.0529,41.9760 -104.0528,41.9946 -104.0528,41.9950 -104.0527,41.9987 -104.0527,42.0017 -103.4016,42.0035 -103.3904,42.0034 -103.3633,42.0029 -103.3704,41.6992 -104.0528,41.6980
31165|-104.0527,42.0017 -104.0527,42.0163 -104.0529,42.0218 -104.0530,42.0750 -104.0530,42.0891 -104.0526,42.1250 -104.0527,42.1338 -104.0530,42.1373 -104.0525,42.1668 -104.0528,42.1703 -104.0528,42.2500 -104.0528,42.2582 -104.0528,42.6108 -104.0528,42.6116 -104.0528,42.6118 -104.0526,42.6309 -104.0527,42.6340 -104.0526,42.6501 -104.0528,42.7500 -104.0529,42.7546 -104.0531,43.0006 -103.8156,43.0013 -103.8139,43.0014 -103.5770,43.0007 -103.5763,43.0008 -103.5066,43.0008 -103.5062,43.0008 -103.5052,43.0008 -103.5051,43.0008 -103.5032,42.7848 -103.4804,42.7850 -103.4801,42.4373 -103.4445,42.4374 -103.4441,42.0907 -103.4016,42.0035 -104.0527,42.0017
31175|-99.2120,41.7406 -98.7591,41.7404 -98.7522,41.7404 -98.7516,41.3941 -99.2033,41.3941 -99.2120,41.7406
31177|-96.3290,41.3931 -96.4439,41.5239 -96.4448,41.6836 -96.1253,41.6830 -96.1217,41.6827 -96.0998,41.6610 -96.0954,41.6527 -96.0950,41.6474 -96.0977,41.6396 -96.1162,41.6216 -96.1181,41.6135 -96.0941,41.5393 -96.0897,41.5318 -96.0551,41.5096 -96.0467,41.5071 -96.0407,41.5071 -96.0366,41.5090 -96.0306,41.5273 -95.9948,41.5262 -95.9813,41.5068 -95.9307,41.4339 -95.9373,41.3944 -95.9383,41.3922 -95.9393,41.3932 -96.3290,41.3931
31015|-99.2545,42.9981 -99.2543,42.9981 -99.2345,42.9983 -99.1952,42.9981 -99.1614,42.9985 -99.1511,42.9983 -99.1390,42.9985 -99.1360,42.9983 -99.0819,42.9983 -99.0800,42.9984 -99.0223,42.9982 -99.0219,42.9984 -99.0004,42.9983 -98.9621,42.9983 -98.9192,42.9982 -98.9191,42.9982 -98.9032,42.9983 -98.8999,42.9981 -98.8240,42.9983 -98.8013,42.9982 -98.7644,42.9983 -98.7424,42.9983 -98.6656,42.9985 -98.6637,42.9984 -98.5689,42.9985 -98.5651,42.9984 -98.4985,42.9986 -98.4957,42.9880 -98.4905,42.9779 -98.4674,42.9476 -98.4470,42.9351 -98.3259,42.8865 -98.3097,42.8812 -98.3051,42.7612 -98.5838,42.7797 -98.8928,42.8458 -98.9546,42.8941 -99.2570,42.8043 -99.2542,42.9968 -99.2545,42.9981
31021|-96.4448,41.6836 -96.4442,41.7418 -96.5552,41.7420 -96.5549,42.0159 -96.3096,42.0152 -96.2729,42.0472 -96.2517,42.0405 -96.2217,42.0262 -96.1295,41.9717 -96.1292,41.9651 -96.1367,41.9208 -96.1423,41.9154 -96.1591,41.9101 -96.1620,41.9056 -96.1618,41.9018 -96.1445,41.8719 -96.1396,41.8658 -96.1109,41.8308 -96.0864,41.8114 -96.0776,41.8088 -96.0710,41.8046 -96.0658,41.7982 -96.0645,41.7930 -96.0771,41.7154 -96.0968,41.6987 -96.1217,41.6827 -96.1253,41.6830 -96.4448,41.6836
31031|-102.0825,42.9994 -101.8754,42.9993 -101.6254,42.9962 -101.2303,42.9979 -101.2292,42.9979 -101.2281,42.9979 -101.2269,42.9979 -101.2265,42.9979 -100.9642,42.9979 -100.9584,42.9978 -100.9067,42.9979 -100.8879,42.9979 -100.5531,42.9987 -100.5440,42.9988 -100.5343,42.9990 -100.4727,42.9993 -100.3554,42.9988 -100.3495,42.9987 -100.2837,42.9988 -100.2778,42.9987 -100.1984,42.9985 -100.1984,42.9985 -100.1984,42.9985 -100.1985,42.8461 -100.1833,42.7810 -100.1832,42.4334 -100.1676,42.0858 -100.2676,42.0861 -100.8461,42.0882 -101.4266,42.0922 -102.0062,42.0963 -102.0403,42.0967 -102.0382,42.4433 -102.0667,42.4435 -102.0825,42.9994 -102.0825,42.9994
31043|-96.6360,42.5243 -96.6260,42.5136 -96.6115,42.5061 -96.4875,42.4798 -96.4756,42.4800 -96.4434,42.4895 -96.4094,42.4876 -96.3961,42.4841 -96.3854,42.4731 -96.3813,42.4617 -96.3807,42.4464 -96.3876,42.4325 -96.4136,42.4079 -96.4155,42.4003 -96.4178,42.3514 -96.4139,42.3434 -96.4080,42.3374 -96.3842,42.3259 -96.3753,42.3183 -96.3488,42.2820 -96.7267,42.2780 -96.7222,42.5247 -96.6360,42.5243
31049|-102.0555,41.2215 -102.0518,41.0039 -102.0517,41.0024 -102.0706,41.0024 -102.1250,41.0023 -102.1912,41.0023 -102.2094,41.0024 -102.2122,41.0025 -102.2319,41.0023 -102.2678,41.0024 -102.2721,41.0022 -102.2914,41.0022 -102.2926,41.0022 -102.2926,41.0022 -102.2928,41.0022 -102.3641,41.0022 -102.3796,41.0023 -102.4692,41.0024 -102.4705,41.0024 -102.4880,41.0024 -102.5568,41.0022 -102.5660,41.0022 -102.5755,41.0022 -102.5757,41.0023 -102.5787,41.0023 -102.6210,41.0026 -102.6104,41.2216 -102.0555,41.2215
31055|-95.9232,41.1910 -96.1583,41.1908 -96.3274,41.1900 -96.3506,41.2652 -96.4707,41.3932 -96.3290,41.3931 -95.9393,41.3932 -95.9383,41.3922 -95.9568,41.3492 -95.9567,41.3455 -95.9531,41.3399 -95.9393,41.3289 -95.9257,41.3222 -95.9138,41.3202 -95.9025,41.2734 -95.9249,41.2112 -95.9275,41.2022 -95.9260,41.1957 -95.9232,41.1910
31061|-98.7264,40.0022 -98.7749,40.0023 -98.7772,40.0024 -98.8206,40.0023 -98.8345,40.0024 -98.9348,40.0022 -98.9609,40.0023 -98.9610,40.0023 -98.9717,40.0023 -98.9723,40.0022 -98.9921,40.0022 -99.0187,40.0023 -99.0203,40.0023 -99.0670,40.0022 -99.0856,40.0021 -99.1135,40.0022 -99.1230,40.0022 -99.1698,40.0019 -99.1790,40.0020 -99.1791,40.0020 -99.1794,40.3507 -98.7268,40.3504 -98.7264,40.0022
31067|-96.9126,40.5236 -96.4636,40.5230 -96.4637,40.2622 -96.4637,40.0010 -96.4675,40.0010 -96.4699,40.0010 -96.5271,40.0010 -96.5390,40.0009 -96.5579,40.0010 -96.5709,40.0011 -96.5809,40.0010 -96.6049,40.0009 -96.6103,40.0009 -96.6224,40.0012 -96.8058,40.0014 -96.8738,40.0014 -96.8751,40.0014 -96.8783,40.0015 -96.8805,40.0014 -96.9161,40.0015 -96.9164,40.0015 -96.9159,40.3484 -96.9151,40.3497 -96.9133,40.3512 -96.9126,40.5236
31131|-95.7100,40.5238 -96.0670,40.5231 -96.4558,40.5228 -96.4636,40.5230 -96.4638,40.7840 -95.8542,40.7840 -95.8617,40.7629 -95.8723,40.7583 -95.8815,40.7506 -95.8867,40.7421 -95.8889,40.7319 -95.8832,40.7176 -95.8428,40.6775 -95.8229,40.6672 -95.7955,40.6624 -95.7866,40.6573 -95.7763,40.6475 -95.7486,40.6034 -95.7501,40.5971 -95.7531,40.5928 -95.7656,40.5852 -95.7735,40.5782 -95.7747,40.5736 -95.7693,40.5367 -95.7669,40.5316 -95.7571,40.5260 -95.7487,40.5243 -95.7100,40.5238
31091|-101.4065,41.7432 -101.4259,41.7431 -101.4266,42.0922 -100.8461,42.0882 -100.8425,41.7404 -101.4065,41.7432
31095|-97.3692,40.0021 -97.3687,40.3504 -96.9151,40.3497 -96.9159,40.3484 -96.9164,40.0015 -97.0092,40.0015 -97.0308,40.0013 -97.0497,40.0013 -97.1379,40.0018 -97.1424,40.0015 -97.1818,40.0016 -97.2002,40.0015 -97.2023,40.0014 -97.2451,40.0015 -97.2452,40.0015 -97.3503,40.0020 -97.3509,40.0019 -97.3691,40.0021 -97.3692,40.0021
31103|-99.5340,42.9980 -99.4943,42.9981 -99.4908,42.9981 -99.4745,42.9981 -99.4714,42.9980 -99.3956,42.9982 -99.3743,42.9980 -99.3711,42.9981 -99.3686,42.9981 -99.3473,42.9982 -99.2880,42.9982 -99.2627,42.9982 -99.2545,42.9981 -99.2542,42.9968 -99.2570,42.8043 -99.5375,42.7176 -99.6777,42.7309 -100.1340,42.8078 -100.1985,42.8461 -100.1984,42.9985 -100.1269,42.9987 -100.1264,42.9987 -100.1193,42.9987 -100.0344,42.9984 -100.0278,42.9984 -100.0048,42.9984 -99.9612,42.9983 -99.9509,42.9983 -99.9504,42.9983 -99.9276,42.9981 -99.9184,42.9981 -99.8777,42.9981 -99.8699,42.9981 -99.8599,42.9980 -99.8500,42.9982 -99.8219,42.9980 -99.8094,42.9982 -99.8033,42.9981 -99.8003,42.9980 -99.7882,42.9980 -99.7685,42.9981 -99.7431,42.9979 -99.7268,42.9979 -99.7192,42.9979 -99.7014,42.9980 -99.6992,42.9979 -99.5693,42.9980 -99.5354,42.9980 -99.5340,42.9980
31111|-101.2697,41.3949 -100.7132,41.3935 -100.2511,41.3933 -100.2361,41.3933 -100.2382,41.0465 -100.2242,41.0466 -100.2233,40.7003 -100.7778,40.7001 -101.2480,40.6978 -101.2500,41.0040 -101.2704,41.0474 -101.2697,41.3949
31113|-100.2511,41.3933 -100.7132,41.3935 -100.7131,41.3946 -100.7117,41.7398 -100.2655,41.7399 -100.2512,41.7398 -100.2511,41.3933
31065|-99.6422,40.3512 -99.6306,40.3512 -99.6305,40.3511 -99.6283,40.0019 -99.6283,40.0019 -99.7196,40.0018 -99.7320,40.0018 -99.7466,40.0018 -99.7568,40.0013 -99.7642,40.0016 -99.7721,40.0018 -99.7756,40.0016 -99.8134,40.0014 -99.9067,40.0015 -99.9304,40.0015 -99.9444,40.0016 -99.9482,40.0018 -99.9866,40.0016 -99.9909,40.0015 -100.1778,40.0016 -100.1778,40.0016 -100.1882,40.0015 -100.1903,40.0016 -100.1936,40.0016 -100.1936,40.0016 -100.1978,40.3500 -100.0948,40.3512 -99.6422,40.3512
