38007|-103.6092,46.6298 -103.6095,46.9799 -103.6670,46.9798 -103.6667,47.3294 -103.0992,47.3287 -103.0326,47.3287 -103.0327,46.9806 -103.2310,46.9803 -103.2316,46.6299 -103.6092,46.6298
38019|-98.9998,48.9998 -97.9502,49.0005 -97.9496,48.7177 -97.9272,48.5431 -98.3181,48.5438 -98.9704,48.5442 -98.9704,48.7181 -98.9999,48.7181 -98.9998,48.9998
38031|-99.2658,47.5876 -98.5001,47.5872 -98.4992,47.3265 -99.2504,47.3269 -99.2663,47.3272 -99.2658,47.5876
38035|-97.9034,48.1949 -97.1474,48.1938 -97.1475,48.1732 -97.1475,48.1706 -97.1231,48.1095 -97.0983,48.0713 -97.0882,48.0595 -97.0232,47.8740 -97.0004,47.8609 -96.9804,47.8157 -96.8907,47.6722 -97.4727,47.6721 -97.8824,47.6722 -97.8822,48.0208 -97.9034,48.1949
38045|-98.0346,46.2828 -99.0031,46.2829 -99.0374,46.2832 -99.0366,46.6306 -98.4391,46.6311 -98.0339,46.6307 -98.0346,46.2828
38061|-102.3858,47.7580 -102.5620,47.7801 -102.6423,47.8237 -102.6448,47.9067 -102.5530,47.9986 -102.6635,48.0767 -102.8285,48.1237 -102.8281,48.3729 -102.8857,48.3726 -102.8858,48.5464 -102.2339,48.5463 -101.9733,48.5471 -101.9734,48.3721 -101.9222,48.3723 -101.9221,48.0232 -101.8715,48.0232 -101.8719,47.8476 -102.3856,47.8477 -102.3858,47.7580
38073|-98.0067,46.2826 -98.0298,46.2826 -98.0346,46.2828 -98.0339,46.6307 -97.6820,46.6299 -97.2799,46.6293 -97.2806,46.2823 -98.0067,46.2826
38079|-99.5257,48.9994 -99.5259,48.7184 -99.4930,48.7184 -99.4932,48.5448 -100.1459,48.5452 -100.1455,48.7189 -100.1830,48.7189 -100.1827,48.9992 -99.9138,48.9990 -99.9137,48.9990 -99.8615,48.9992 -99.8615,48.9992 -99.5257,48.9994
38091|-97.7060,47.2400 -97.9612,47.2405 -97.9866,47.3261 -97.9848,47.6723 -97.8824,47.6722 -97.4727,47.6721 -97.4743,47.3248 -97.4515,47.2391 -97.7060,47.2400
38103|-99.2658,47.5876 -99.2663,47.3272 -99.4807,47.3271 -100.0333,47.3272 -100.0328,47.6736 -100.0695,47.6737 -100.0692,47.8473 -99.8122,47.8473 -99.2972,47.8468 -99.2973,47.6730 -99.2658,47.5876
38005|-99.2003,48.3707 -99.1999,48.1553 -99.0704,48.1079 -99.0704,48.0220 -99.0010,48.0533 -98.9913,47.9903 -98.8039,48.0599 -98.7506,47.9825 -98.6721,48.0004 -98.6254,47.9164 -98.5256,47.9151 -98.5255,47.8463 -99.2972,47.8468 -99.8122,47.8473 -99.8121,48.0215 -99.8482,48.0214 -99.8466,48.3713 -99.4929,48.3709 -99.2003,48.3707
38009|-101.0597,48.5453 -101.4513,48.5461 -101.4512,48.7200 -101.4967,48.7201 -101.4967,48.9994 -101.2259,48.9995 -101.2252,48.9996 -101.2208,48.9995 -101.2162,48.9995 -100.9206,48.9996 -100.9179,48.9996 -100.9136,48.9997 -100.9071,48.9996 -100.4340,48.9994 -100.4344,48.9996 -100.4316,48.9996 -100.4317,48.9994 -100.1827,48.9992 -100.1830,48.7189 -100.1455,48.7189 -100.1459,48.5452 -100.2767,48.5448 -100.4064,48.5447 -100.4068,48.6319 -101.0596,48.6324 -101.0597,48.5453
38017|-96.8329,47.2376 -96.8267,47.1505 -96.8248,47.1250 -96.8232,47.0000 -96.8246,46.9933 -96.8232,46.9709 -96.7916,46.9343 -96.7803,46.9283 -96.7675,46.9052 -96.8020,46.8125 -96.7842,46.6868 -96.7830,46.6306 -97.2799,46.6293 -97.6820,46.6299 -97.6815,46.9785 -97.7060,46.9786 -97.7060,47.2400 -97.4515,47.2391 -96.8330,47.2381 -96.8329,47.2376
38027|-99.2658,47.5876 -99.2973,47.6730 -99.2972,47.8468 -98.5255,47.8463 -98.5002,47.6724 -98.5001,47.5872 -99.2658,47.5876
38029|-99.8801,45.9417 -99.8803,45.9417 -99.9658,45.9418 -100.0055,45.9419 -100.0690,45.9422 -100.0842,45.9423 -100.1085,45.9424 -100.1103,45.9424 -100.1417,45.9425 -100.1521,45.9425 -100.1708,45.9425 -100.2748,45.9429 -100.2756,45.9429 -100.2841,45.9430 -100.2853,45.9431 -100.2941,45.9433 -100.4104,45.9435 -100.4202,45.9435 -100.4244,45.9436 -100.4306,45.9436 -100.4628,45.9436 -100.4994,45.9436 -100.5118,45.9437 -100.5119,45.9437 -100.6145,46.0718 -100.6291,46.1456 -100.5585,46.2500 -100.5512,46.3635 -100.5902,46.4279 -100.5446,46.5338 -100.6619,46.6345 -100.0812,46.6334 -99.9155,46.6329 -99.9168,46.2832 -99.8784,46.2828 -99.8801,45.9417
38037|-101.0257,46.2842 -101.1981,46.1838 -101.1904,46.1478 -101.5542,46.0068 -101.8421,46.0291 -101.8494,46.0733 -101.9986,46.0535 -101.9979,46.2055 -102.0469,46.2836 -102.0510,46.6309 -102.0966,46.6310 -102.0964,46.6889 -102.0962,46.7177 -101.7182,46.7180 -101.7181,46.6310 -101.2991,46.6303 -101.2990,46.3715 -101.0485,46.3714 -101.0257,46.2842
38039|-98.5001,47.5872 -98.5002,47.6724 -97.9848,47.6723 -97.9866,47.3261 -97.9612,47.2405 -98.4675,47.2405 -98.4673,47.3265 -98.4992,47.3265 -98.5001,47.5872
38043|-99.9155,46.6329 -100.0812,46.6334 -100.0752,46.9813 -100.1146,46.9817 -100.1133,47.3273 -100.0947,47.3273 -100.0935,47.3271 -100.0361,47.3273 -100.0333,47.3272 -99.4807,47.3271 -99.4811,46.9807 -99.4464,46.9809 -99.4497,46.6316 -99.9155,46.6329
38047|-99.4497,46.6316 -99.0366,46.6306 -99.0374,46.2832 -99.8784,46.2828 -99.9168,46.2832 -99.9155,46.6329 -99.4497,46.6316
38053|-103.0992,47.3287 -103.6667,47.3294 -104.0453,47.3301 -104.0453,47.3320 -104.0453,47.3435 -104.0451,47.3975 -104.0448,47.4384 -104.0446,47.4594 -104.0432,47.7471 -104.0432,47.7473 -104.0424,47.8033 -104.0424,47.8054 -104.0426,47.8082 -104.0419,47.8417 -104.0417,47.8623 -104.0422,47.8910 -104.0433,47.9496 -104.0435,47.9545 -104.0439,47.9715 -104.0442,47.9928 -104.0441,47.9961 -103.9198,47.9560 -103.8563,48.0151 -103.8008,47.9943 -103.7422,48.0934 -103.5970,48.1344 -103.5486,48.0877 -103.5848,48.0541 -103.5012,48.0059 -103.2349,48.0619 -103.2019,48.1352 -103.1071,48.1465 -102.8285,48.1237 -102.6635,48.0767 -102.5530,47.9986 -102.6448,47.9067 -102.6423,47.8237 -102.6428,47.6739 -103.0999,47.6744 -103.0992,47.3287
38059|-101.0257,46.2842 -101.0485,46.3714 -101.2990,46.3715 -101.2991,46.6303 -101.7181,46.6310 -101.7182,46.7180 -102.0962,46.7177 -102.0971,46.9808 -102.0967,46.9812 -101.7644,46.9813 -100.9360,46.9828 -100.8191,46.7924 -100.8394,46.7638 -100.6619,46.6345 -100.5446,46.5338 -100.5902,46.4279 -100.7213,46.3901 -100.9189,46.3950 -101.0257,46.2842
38063|-98.5255,47.8463 -98.5256,47.9151 -98.5256,48.0211 -98.4227,48.0211 -98.4221,48.1948 -98.2922,48.1952 -97.9034,48.1949 -97.8822,48.0208 -97.8824,47.6722 -97.9848,47.6723 -98.5002,47.6724 -98.5255,47.8463
38065|-100.9360,46.9828 -101.7644,46.9813 -101.7644,47.2414 -101.2579,47.2413 -101.2570,47.2649 -101.0604,47.2933 -100.9776,47.2500 -100.9652,47.1566 -100.8822,47.0151 -100.9360,46.9828
38067|-97.9502,49.0005 -97.7758,49.0006 -97.4112,49.0005 -97.2290,49.0007 -97.2340,48.9975 -97.2384,48.9826 -97.2392,48.9676 -97.2326,48.9466 -97.1995,48.8812 -97.1578,48.7877 -97.1376,48.7492 -97.0926,48.6820 -97.1630,48.5440 -97.1631,48.5439 -97.1611,48.5432 -97.1625,48.5423 -97.9272,48.5431 -97.9496,48.7177 -97.9502,49.0005
38071|-98.9704,48.5442 -98.3181,48.5438 -98.2922,48.1952 -98.4221,48.1948 -98.4227,48.0211 -98.5256,48.0211 -98.5256,47.9151 -98.6254,47.9164 -98.6721,48.0004 -98.7506,47.9825 -98.8039,48.0599 -98.9913,47.9903 -99.0010,48.0533 -99.0704,48.0220 -99.0704,48.1079 -99.1999,48.1553 -99.2003,48.3707 -98.9710,48.3705 -98.9704,48.5442
38075|-102.0211,48.9990 -101.4967,48.9994 -101.4967,48.7201 -101.4512,48.7200 -101.4513,48.5461 -101.0597,48.5453 -101.0600,48.4586 -101.0598,48.4584 -101.8420,48.4595 -101.8421,48.7201 -102.0214,48.7203 -102.0217,48.8071 -102.0211,48.9990
38081|-97.2283,45.9351 -97.2283,45.9351 -97.3122,45.9351 -97.3189,45.9351 -97.4820,45.9351 -97.4919,45.9351 -97.5189,45.9353 -97.5190,45.9353 -97.5426,45.9353 -97.6967,45.9354 -97.7770,45.9354 -97.7846,45.9353 -97.9587,45.9359 -97.9788,45.9359 -97.9869,45.9360 -98.0081,45.9361 -98.0067,46.2826 -97.2806,46.2823 -97.2593,46.2822 -97.2596,45.9972 -97.2283,45.9351 -97.2283,45.9351
38089|-102.0967,46.9812 -102.0971,46.9808 -102.0962,46.7177 -102.0964,46.6889 -102.0966,46.6310 -102.9280,46.6301 -103.2316,46.6299 -103.2310,46.9803 -103.0327,46.9806 -102.5255,46.9813 -102.5255,47.0102 -102.1448,47.0103 -102.1449,46.9814 -102.0967,46.9812
38093|-98.4675,47.2405 -98.4675,46.9796 -98.4395,46.9797 -98.4391,46.6311 -99.0366,46.6306 -99.4497,46.6316 -99.4464,46.9809 -99.4811,46.9807 -99.4807,47.3271 -99.2663,47.3272 -99.2504,47.3269 -98.4992,47.3265 -98.4673,47.3265 -98.4675,47.2405
38097|-96.8533,47.5039 -96.8538,47.4995 -96.8623,47.4223 -96.8527,47.3750 -96.8330,47.2381 -97.4515,47.2391 -97.4743,47.3248 -97.4727,47.6721 -96.8907,47.6722 -96.8857,47.6643 -96.8510,47.5983 -96.8424,47.5082 -96.8533,47.5039
38101|-102.0217,48.8071 -102.0214,48.7203 -101.8421,48.7201 -101.8420,48.4595 -101.0598,48.4584 -101.0141,48.3714 -101.0150,48.0227 -100.9705,48.0226 -100.9713,47.8487 -101.8719,47.8476 -101.8715,48.0232 -101.9221,48.0232 -101.9222,48.3723 -101.9734,48.3721 -101.9733,48.5471 -102.2339,48.5463 -102.2336,48.7203 -102.1525,48.7203 -102.1522,48.8072 -102.0217,48.8071
38003|-98.0339,46.6307 -98.4391,46.6311 -98.4395,46.9797 -98.4675,46.9796 -98.4675,47.2405 -97.9612,47.2405 -97.7060,47.2400 -97.7060,46.9786 -97.6815,46.9785 -97.6820,46.6299 -98.0339,46.6307
38013|-102.9388,48.9990 -102.2170,48.9986 -102.2113,48.9986 -102.1518,48.9988 -102.1316,48.9988 -102.0211,48.9990 -102.0217,48.8071 -102.1522,48.8072 -102.1525,48.7203 -102.2336,48.7203 -102.2339,48.5463 -102.8858,48.5464 -102.8858,48.5606 -102.8860,48.5612 -102.8858,48.6333 -102.9399,48.7205 -102.9388,48.9990
38025|-103.0992,47.3287 -103.0999,47.6744 -102.6428,47.6739 -102.6423,47.8237 -102.5620,47.7801 -102.3858,47.7580 -102.2610,47.7814 -102.2655,47.6243 -102.2053,47.5745 -102.2056,47.3281 -102.1445,47.3281 -102.1448,47.0103 -102.5255,47.0102 -102.5255,46.9813 -103.0327,46.9806 -103.0326,47.3287 -103.0992,47.3287
38041|-102.9280,46.6301 -102.0966,46.6310 -102.0510,46.6309 -102.0469,46.2836 -101.9979,46.2055 -102.4975,46.2061 -102.4974,46.2832 -102.9245,46.2815 -102.9245,46.2826 -102.9280,46.6301
38055|-100.9652,47.1566 -100.9776,47.2500 -101.0604,47.2933 -101.2570,47.2649 -101.3457,47.2919 -101.3625,47.3680 -101.4401,47.4773 -101.3709,47.5187 -101.4280,47.5620 -101.6417,47.5284 -101.7075,47.5383 -101.8261,47.4944 -102.0366,47.5727 -102.2053,47.5745 -102.2655,47.6243 -102.2610,47.7814 -102.3858,47.7580 -102.3856,47.8477 -101.8719,47.8476 -100.9713,47.8487 -100.5852,47.8475 -100.5851,47.6739 -100.6723,47.6741 -100.6734,47.3277 -100.7493,47.3277 -100.7494,47.1572 -100.9652,47.1566
38069|-99.4929,48.3709 -99.8466,48.3713 -99.8482,48.0214 -99.8121,48.0215 -99.8122,47.8473 -100.0692,47.8473 -100.1646,47.8475 -100.1661,47.8476 -100.1980,47.8476 -100.1976,48.0219 -100.2371,48.0219 -100.2373,48.3712 -100.2764,48.3713 -100.2767,48.5448 -100.1459,48.5452 -99.4932,48.5448 -99.4934,48.3737 -99.4929,48.3709
38087|-104.0453,46.5409 -103.8009,46.5407 -103.8008,46.6296 -103.6092,46.6298 -103.2316,46.6299 -102.9280,46.6301 -102.9245,46.2826 -102.9245,46.2815 -102.9699,46.2811 -102.9955,46.2807 -104.0456,46.2802 -104.0455,46.3245 -104.0455,46.3419 -104.0453,46.5409
38095|-98.9998,48.9998 -98.9999,48.7181 -98.9704,48.7181 -98.9704,48.5442 -98.9710,48.3705 -99.2003,48.3707 -99.4929,48.3709 -99.4934,48.3737 -99.4932,48.5448 -99.4930,48.7184 -99.5259,48.7184 -99.5257,48.9994 -98.9998,48.9998
38015|-100.9360,46.9828 -100.8822,47.0151 -100.9652,47.1566 -100.7494,47.1572 -100.7493,47.3277 -100.6734,47.3277 -100.6696,47.3274 -100.1133,47.3273 -100.1146,46.9817 -100.0752,46.9813 -100.0812,46.6334 -100.6619,46.6345 -100.8394,46.7638 -100.8191,46.7924 -100.9360,46.9828
38021|-98.0081,45.9361 -98.0082,45.9361 -98.0705,45.9362 -98.1846,45.9362 -98.1856,45.9362 -98.7244,45.9387 -98.9044,45.9395 -98.9055,45.9395 -99.0056,45.9399 -99.0058,45.9399 -99.0031,46.2829 -98.0346,46.2828 -98.0298,46.2826 -98.0067,46.2826 -98.0081,45.9361
38023|-102.8858,48.6333 -104.0476,48.6340 -104.0476,48.6340 -104.0478,48.6486 -104.0479,48.6499 -104.0479,48.6574 -104.0479,48.6589 -104.0478,48.6632 -104.0479,48.6642 -104.0483,48.7471 -104.0485,48.7514 -104.0485,48.7886 -104.0486,48.7971 -104.0489,48.8474 -104.0487,48.8657 -104.0488,48.8675 -104.0489,48.8740 -104.0489,48.8757 -104.0487,48.8799 -104.0486,48.9026 -104.0487,48.9069 -104.0487,48.9121 -104.0488,48.9336 -104.0487,48.9403 -104.0488,48.9433 -104.0489,48.9496 -104.0487,48.9518 -104.0486,48.9571 -104.0488,48.9590 -104.0486,48.9638 -104.0486,48.9667 -104.0485,48.9870 -104.0487,48.9999 -103.9925,48.9996 -103.9889,48.9996 -103.9838,48.9996 -103.9824,48.9996 -103.9809,48.9996 -103.9765,48.9996 -103.9695,48.9995 -103.9686,48.9995 -103.9233,48.9996 -103.9220,48.9996 -103.9189,48.9996 -103.9174,48.9996 -103.8769,48.9995 -103.8653,48.9996 -103.8627,48.9996 -103.8584,48.9996 -103.8561,48.9996 -103.8523,48.9996 -102.9388,48.9990 -102.9399,48.7205 -102.8858,48.6333
38033|-104.0453,46.5409 -104.0453,46.6414 -104.0453,46.6414 -104.0455,46.7087 -104.0456,46.7139 -104.0454,46.7213 -104.0454,46.7222 -104.0454,46.7254 -104.0455,46.9339 -104.0455,46.9340 -104.0456,46.9412 -104.0451,47.0376 -104.0451,47.0409 -104.0452,47.0536 -104.0452,47.0575 -104.0453,47.0639 -104.0454,47.0786 -104.0450,47.0812 -104.0451,47.0928 -104.0452,47.2639 -104.0451,47.2660 -104.0451,47.2669 -104.0451,47.2714 -104.0452,47.2739 -104.0451,47.2770 -104.0453,47.3301 -103.6667,47.3294 -103.6670,46.9798 -103.6095,46.9799 -103.6092,46.6298 -103.8008,46.6296 -103.8009,46.5407 -104.0453,46.5409
38049|-100.9713,47.8487 -100.9705,48.0226 -101.0150,48.0227 -101.0141,48.3714 -101.0598,48.4584 -101.0600,48.4586 -101.0597,48.5453 -101.0596,48.6324 -100.4068,48.6319 -100.4064,48.5447 -100.2767,48.5448 -100.2764,48.3713 -100.2373,48.3712 -100.2371,48.0219 -100.1976,48.0219 -100.1980,47.8476 -100.5852,47.8475 -100.9713,47.8487
38051|-99.7181,45.9409 -99.7181,45.9409 -99.7479,45.9409 -99.7493,45.9409 -99.7495,45.9410 -99.7504,45.9409 -99.8387,45.9413 -99.8801,45.9417 -99.8784,46.2828 -99.0374,46.2832 -99.0031,46.2829 -99.0058,45.9399 -99.0929,45.9402 -99.1024,45.9402 -99.2126,45.9401 -99.2136,45.9401 -99.2217,45.9401 -99.2223,45.9401 -99.2577,45.9401 -99.2763,45.9402 -99.2840,45.9402 -99.2973,45.9402 -99.3179,45.9403 -99.3448,45.9403 -99.3450,45.9403 -99.3785,45.9404 -99.3856,45.9404 -99.4013,45.9404 -99.4903,45.9404 -99.4931,45.9404 -99.5888,45.9411 -99.6112,45.9411 -99.6719,45.9411 -99.6930,45.9409 -99.7181,45.9409
38057|-101.7644,46.9813 -102.0967,46.9812 -102.1449,46.9814 -102.1448,47.0103 -102.1445,47.3281 -102.2056,47.3281 -102.2053,47.5745 -102.0366,47.5727 -101.8261,47.4944 -101.7075,47.5383 -101.6417,47.5284 -101.4280,47.5620 -101.3709,47.5187 -101.4401,47.4773 -101.3625,47.3680 -101.3457,47.2919 -101.2570,47.2649 -101.2579,47.2413 -101.7644,47.2414 -101.7644,46.9813
38077|-96.7391,46.5437 -96.7164,46.4446 -96.7220,46.4400 -96.6698,46.3846 -96.6316,46.3538 -96.5982,46.3126 -96.5991,46.2637 -96.5856,46.1773 -96.5784,46.1701 -96.5580,46.1024 -96.5548,46.0848 -96.5569,46.0646 -96.5593,46.0583 -96.5663,46.0514 -96.5779,46.0269 -96.5773,46.0218 -96.5704,45.9636 -96.5633,45.9352 -96.5769,45.9353 -96.5974,45.9352 -96.6071,45.9353 -96.6183,45.9354 -96.6391,45.9353 -96.6599,45.9356 -96.6806,45.9357 -96.7013,45.9358 -96.7915,45.9359 -96.9987,45.9357 -97.0196,45.9354 -97.1181,45.9355 -97.1450,45.9353 -97.2283,45.9351 -97.2596,45.9972 -97.2593,46.2822 -97.2806,46.2823 -97.2799,46.6293 -96.7830,46.6306 -96.7830,46.6304 -96.7830,46.6304 -96.7391,46.5437
38085|-100.5119,45.9437 -100.6277,45.9436 -100.6508,45.9437 -100.7209,45.9440 -100.7504,45.9436 -100.7621,45.9438 -100.7621,45.9438 -100.7698,45.9438 -100.8902,45.9439 -100.9356,45.9438 -100.9390,45.9438 -100.9644,45.9438 -100.9766,45.9439 -100.9807,45.9441 -101.1013,45.9438 -101.1068,45.9440 -101.1426,45.9438 -101.1461,45.9438 -101.1632,45.9439 -101.1711,45.9440 -101.1757,45.9440 -101.1791,45.9439 -101.2038,45.9439 -101.2240,45.9440 -101.2715,45.9442 -101.2872,45.9441 -101.3133,45.9442 -101.3339,45.9442 -101.3653,45.9441 -101.3707,45.9442 -101.3738,45.9443 -101.5573,45.9441 -101.5622,45.9442 -101.6286,45.9443 -101.6576,45.9444 -101.6806,45.9443 -101.6818,45.9444 -101.7088,45.9443 -101.7234,45.9442 -101.7301,45.9444 -101.7586,45.9445 -101.7643,45.9444 -101.7653,45.9444 -101.7662,45.9443 -101.7901,45.9444 -101.7946,45.9444 -101.8330,45.9445 -101.8526,45.9445 -101.8868,45.9446 -101.9574,45.9445 -101.9737,45.9445 -101.9895,45.9445 -101.9922,45.9445 -101.9986,45.9446 -101.9986,46.0535 -101.8494,46.0733 -101.8421,46.0291 -101.5542,46.0068 -101.1904,46.1478 -101.1981,46.1838 -101.0257,46.2842 -100.9189,46.3950 -100.7213,46.3901 -100.5902,46.4279 -100.5512,46.3635 -100.5585,46.2500 -100.6291,46.1456 -100.6145,46.0718 -100.5119,45.9437
38099|-98.3181,48.5438 -97.9272,48.5431 -97.1625,48.5423 -97.1611,48.5432 -97.1505,48.5394 -97.1268,48.5202 -97.1234,48.4212 -97.1315,48.4066 -97.1457,48.3974 -97.1364,48.3524 -97.1267,48.3421 -97.1156,48.3239 -97.1166,48.2797 -97.1299,48.2497 -97.1345,48.2497 -97.1431,48.2467 -97.1472,48.2430 -97.1474,48.1938 -97.9034,48.1949 -98.2922,48.1952 -98.3181,48.5438
38105|-104.0469,48.3894 -104.0470,48.3907 -104.0471,48.4111 -104.0470,48.4211 -104.0471,48.4459 -104.0472,48.4473 -104.0473,48.4525 -104.0473,48.4529 -104.0474,48.4671 -104.0476,48.4941 -104.0477,48.5179 -104.0475,48.5259 -104.0479,48.5308 -104.0476,48.5315 -104.0478,48.5397 -104.0478,48.5628 -104.0480,48.5916 -104.0482,48.5991 -104.0479,48.6202 -104.0476,48.6256 -104.0476,48.6270 -104.0476,48.6340 -102.8858,48.6333 -102.8860,48.5612 -102.8858,48.5606 -102.8858,48.5464 -102.8857,48.3726 -102.8281,48.3729 -102.8285,48.1237 -103.1071,48.1465 -103.2019,48.1352 -103.2349,48.0619 -103.5012,48.0059 -103.5848,48.0541 -103.5486,48.0877 -103.5970,48.1344 -103.7422,48.0934 -103.8008,47.9943 -103.8563,48.0151 -103.9198,47.9560 -104.0441,47.9961 -104.0454,48.1644 -104.0455,48.1762 -104.0454,48.1925 -104.0456,48.1939 -104.0457,48.2414 -104.0457,48.2446 -104.0456,48.2462 -104.0459,48.2551 -104.0460,48.2568 -104.0463,48.3423 -104.0464,48.3742 -104.0467,48.3748 -104.0469,48.3894 -104.0469,48.3894
38001|-101.9986,45.9446 -101.9987,45.9446 -102.0004,45.9446 -102.0007,45.9445 -102.0007,45.9445 -102.0609,45.9446 -102.0851,45.9446 -102.0876,45.9446 -102.1246,45.9448 -102.1254,45.9447 -102.1353,45.9446 -102.1454,45.9447 -102.1564,45.9447 -102.1580,45.9446 -102.1594,45.9446 -102.1767,45.9446 -102.1770,45.9446 -102.2179,45.9447 -102.3282,45.9448 -102.3534,45.9450 -102.3543,45.9449 -102.3927,45.9450 -102.3928,45.9450 -102.3964,45.9449 -102.3986,45.9449 -102.4062,45.9450 -102.4103,45.9451 -102.4202,45.9451 -102.4254,45.9450 -102.4254,45.9450 -102.4464,45.9451 -102.4596,45.9451 -102.4676,45.9452 -102.4760,45.9452 -102.5509,45.9450 -102.5586,45.9451 -102.6426,45.9454 -102.6516,45.9455 -102.6667,45.9453 -102.6725,45.9452 -102.6741,45.9453 -102.7049,45.9451 -102.8803,45.9451 -102.9205,45.9450 -102.9421,45.9451 -102.9899,45.9452 -102.9953,45.9452 -102.9957,45.9452 -102.9955,46.2807 -102.9699,46.2811 -102.9245,46.2815 -102.4974,46.2832 -102.4975,46.2061 -101.9979,46.2055 -101.9986,46.0535 -101.9986,45.9446
38011|-102.9957,45.9452 -103.0261,45.9453 -103.0478,45.9453 -103.0785,45.9453 -103.0979,45.9453 -103.1409,45.9453 -103.1613,45.9453 -103.2106,45.9452 -103.2184,45.9452 -103.2841,45.9451 -103.2841,45.9452 -103.4113,45.9453 -103.4180,45.9452 -103.4324,45.9453 -103.4349,45.9453 -103.5587,45.9451 -103.5771,45.9453 -103.6608,45.9452 -103.6608,45.9452 -103.6685,45.9452 -104.0454,45.9453 -104.0467,46.0000 -104.0456,46.2802 -102.9955,46.2807 -102.9957,45.9452
38083|-100.6734,47.3277 -100.6723,47.6741 -100.5851,47.6739 -100.5852,47.8475 -100.1980,47.8476 -100.1661,47.8476 -100.1646,47.8475 -100.0692,47.8473 -100.0695,47.6737 -100.0328,47.6736 -100.0333,47.3272 -100.0361,47.3273 -100.0935,47.3271 -100.0947,47.3273 -100.1133,47.3273 -100.6696,47.3274 -100.6734,47.3277
